tax_id
1761774
325777
1123057
797419
1448517
2510963
1342299
1503055
1281079
1304889
1532558
888828
1566241
1422239
1121915
529120
2483401
1896223
1394675
1520830
1410695
2584942
84024
1297865
1542468
640938
1049821
1418378
1344956
1185650
1675787
1439176
862967
47500
1033922
1448652
417398
1370122
549298
2601246
83617
1878942
2304594
46240
1912214
928729
1144325
1874317
1147786
1422254
206672
2171707
1890302
1849170
2594458
237018
1909294
1185683
2033506
29477
1855397
1122982
1886
593117
1814128
1409728
172045
324058
1293051
198092
1310731
2217670
1052680
544404
1296
997888
2484983
176279
1715153
1412464
1224923
1521415
224729
984262
1462733
1388280
299766
2038388
1189617
1428411
243899
1229831
1304865
2041
2496668
1388761
1409456
984230
2034269
2341080
2493675
1265653
2201898
1851914
2493090
1402490
1123500
1739535
2024478
1281246
981369
319939
1159064
760829
1055803
1413555
69539
1735672
2080542
2485113
1440059
1909294
930152
2341083
1609288
1739249
1266997
1334076
910310
1421947
1970738
2026092
155197
2220073
644220
1882742
1151114
1351796
2135619
1444082
2562279
190975
2530375
985002
1449350
1240764
1207545
1454638
2259645
326537
528346
570417
2024228
1656186
1438732
1388522
2487344
255247
1438840
640510
2292959
417367
2211450
1210092
1042878
2042041
2731247
1886
1388042
172045
1413253
1328372
2070581
445629
1860125
1381090
760817
85569
1353533
1398943
1046625
302980
2485200
464
1268984
1076550
1841143
1456735
1409397
148942
935849
2609155
28258
1643925
1715169
416943
1909294
1422240
546901
1382925
1410898
1005489
1909294
1206723
2200763
1384049
451513
2259170
945712
1981703
2608387
1458985
1151293
1715110
1422068
1430897
1423466
1344995
1418310
1423462
2292351
1421942
1157472
1388202
1327994
1735682
1085775
203267
1075089
66425
1339345
1138933
616991
2039284
1316679
2070574
1423454
34062
1281241
288681
1089545
376620
857579
1903583
29522
1159074
1403916
320483
1121426
158841
1779145
548470
42253
1296
1898742
1444254
465541
2293155
1210519
1124929
566552
1410869
1690245
930944
1650
449447
2502210
1354166
1158601
339866
1347340
1423782
706433
702985
1412744
1400908
2589899
1410667
2588536
1431713
1005928
1281071
585528
1218147
1349782
1559
260678
488222
464995
66872
2589789
222805
324078
263474
1159197
1422751
1145114
1736383
1138919
1448271
1759076
1079475
162157
1739530
1281088
579563
1439300
331636
2527996
1438675
2484964
1438877
1428428
1351816
1463845
84022
642227
933262
756828
1232455
1438827
1388618
1581144
1122153
550448
1394628
647720
888820
1185650
1157404
1442604
1185650
1051055
1448607
1388101
2293139
1134055
1351787
2569858
1909294
1210932
1392052
1439834
1399574
83262
1151401
1427191
1909294
1032238
2218663
1030092
1116230
1886
2070617
1427272
550673
1185650
1182783
1351784
1085541
363849
760798
2217820
2015353
2292054
1281034
48
1439012
2588938
1569211
2034278
1161414
407159
1229202
1760988
507754
1934003
1353537
1195885
1120943
1427302
1196172
1940526
1438846
568098
1388477
1388652
132476
67344
299766
1249661
742742
1412499
1907371
1069631
57704
1138905
1204474
1471381
1418337
393127
1909294
1348623
914150
1439225
1002804
68244
992405
2293080
1798158
2024224
992157
1447530
1661385
451644
1463864
1465262
179879
1564516
1412505
992102
57704
1439286
1434653
1124835
551459
1311096
75385
2048285
1134805
1125652
1499500
593905
1761801
290340
2305220
1324271
2574727
1629334
1427179
2293223
1306417
463025
1566166
886882
189381
1463870
1165867
868140
1413561
352211
1391465
1157405
368603
1388198
992128
208596
1398974
2258964
574964
1226115
903896
1328417
929813
1736340
1422246
1408920
1412706
2488809
1730094
1913576
2029117
1608583
451644
1409477
1210087
1941349
1240766
1315148
1176514
1184251
1157029
1118236
861452
1123265
1212765
2675109
1305739
1413539
1193044
1418261
2499164
1885035
1398961
332186
932733
1310718
505249
2175645
1646340
1448648
1977873
290339
634290
2183906
1297860
1136165
1185650
1315146
557722
1422388
1435347
2592811
1890302
1444290
1203257
85569
2587869
136468
1520815
1397701
883103
1265312
1157447
2126737
1401689
760838
216903
200450
1121291
1409686
1614
2547398
748120
1460244
1422231
1045858
2126993
1388099
1324322
1759557
1122949
1449338
1434928
1169243
1736210
1185650
299767
1661052
1448602
1437825
1801620
1423529
1169203
2080528
53336
2135468
2316076
1581712
69279
1359154
1455291
2603894
1138925
1436999
1094479
1417030
1421884
85569
1202962
299766
85569
881260
1116033
1899430
1069642
157779
2485119
1328399
1566221
1409724
416943
1265649
1388496
2510956
1444240
2109943
1354144
2485169
1461338
1273127
1123523
1159093
1411551
1287105
648780
1324222
1031537
889248
2498126
2072026
1157350
1446717
2292345
1639133
1444770
1392091
1422309
546365
2576410
564417
695563
1813019
57706
1158708
1906581
2492960
2731247
888050
1981069
1345543
1352593
565646
2487318
1265612
641118
252305
1639133
1053218
1327989
582899
2282449
459526
1423531
297
1388523
1909294
304899
1739295
2968969
2340
1400934
1736515
1295756
2099795
1242967
1848192
1388118
991992
1185650
682526
889234
1562389
1400165
2081710
1122990
1235479
1972845
985002
1388445
1094177
1417043
1402710
1400798
935586
1138894
1182685
1909294
1500687
2781243
1421997
58340
1121123
1422752
273384
1392850
1978338
966
1185650
1852387
887144
1074054
481448
699186
2077102
1438999
1417208
13243
314267
1418424
1311071
1736332
90241
1503054
1296536
1176491
903945
1033734
375432
2135728
1410891
1450521
1632857
1549850
2135689
701042
675820
1226677
1278076
1423518
2204145
1867410
237306
1909294
1397891
2055892
1056496
2292370
1402740
1448473
1423758
1898204
1272
1418306
498213
1172188
2082626
2580422
1310863
1151243
1410685
1428438
1188254
1458466
1422095
1048260
2303391
755933
186116
67332
388466
299766
1032239
2137016
246264
610254
1122130
1660067
2516557
1391469
1909294
2058097
1226968
1455286
1100822
1796646
985002
1776045
2070777
260678
536229
1413338
888824
2069357
1196095
1116120
1296
1422407
2652247
2116503
1463934
1739294
1303518
1185650
1736267
1138890
1412708
2038394
314282
379731
1365964
1388006
469615
1446679
1412636
1761783
2580412
1413577
2487134
1224743
1981693
1185650
1035188
1241982
1411576
1715061
1423773
881260
1422590
1203556
1207038
1120975
953739
765065
1539143
2589910
1427276
2217821
31965
1796646
1848158
946678
1042378
1409479
1715127
1415546
2023184
1158630
1423428
393121
910419
1200792
450367
2021699
1165941
1049938
525341
2565153
2259618
1453103
2067668
1159031
2070227
2597350
1513890
1423802
90814
1080223
1490051
1446524
985002
985002
2496741
1049773
164
2575511
72758
511998
1884907
1196095
1688693
1415775
1909294
1981054
1161902
1185650
253839
1410769
1169283
913068
2044465
1185650
498367
1094489
1423724
1050107
2500152
1315136
2496559
1463164
1715102
857117
1442598
1938597
2486576
1465263
2093866
1422355
260554
1508390
167957
1128253
1535287
2653216
1287289
2561934
83262
985762
880071
1346615
1286106
1291347
1246626
1001739
463191
2093883
2007196
1715148
1488406
2086263
2025494
579483
1566296
1855823
2545633
1686310
1154813
45888
1715080
1256226
1232446
995034
1190576
2529859
2070776
2070686
1449755
1909294
1151382
2502240
1155079
70255
1428417
1391728
752555
1856684
208224
935553
1911136
388950
2293207
2203205
1049976
1185687
2293091
1294274
1161744
1409747
1365255
1151232
1909294
868203
1137133
1221254
2508879
1245436
2607659
1207504
1283280
1457186
53442
1623398
2029402
352165
1313304
1182176
93062
1412688
53341
1122247
2587597
1185684
1513592
1185650
1000569
79269
1898203
1422274
2487276
1208628
118613
2763117
2099584
1410860
985002
1124962
1570340
682797
40318
1005505
1422290
1137249
251704
1412544
1005498
1071776
1232154
1310621
1116162
2484904
505249
1347791
1265445
1397880
420404
2010972
1444050
357809
1913577
1412800
909420
85569
97137
1217107
2340
1210077
1294028
1104679
1388153
68186
1848687
2597348
1422359
795359
1417136
86841
1209355
1408969
342950
1795828
1283291
1810504
1402688
1185650
996825
1413542
1139219
930114
1620405
251707
1535636
981333
1151194
272123
2496721
1219053
585423
592205
1159202
2485926
1809061
1379277
1973494
1229781
1503054
2512137
622637
2066515
192
1434141
2175663
2303992
1801
941280
148942
102
760802
1158675
148942
1203619
1591085
1903056
1120958
1410684
2529275
1005553
999414
2484250
521003
1909294
1206109
1398028
1194404
301102
1349760
562973
1409651
1566258
2293093
1184252
1185650
1909294
1177186
1145154
1633631
314260
482827
1324327
2183988
1882814
1413210
1674924
2583822
539813
1423745
1100823
1839766
2528208
1892894
1215097
1715215
1179674
1454613
1095694
2576942
1121910
1172565
180851
74547
216778
195103
1157463
2070593
1325335
1909294
1909294
2589995
85569
985002
311180
1185650
1274318
1500305
1448660
1500273
2020328
1882823
679318
1114873
1282356
2512158
1349775
1161409
1151431
484184
2135670
2487346
1032241
1191285
1161913
671990
1306175
1926648
2585029
1909294
85569
1965585
230495
251747
148942
2137853
1447715
1840085
45670
2004400
1352519
1217629
1240774
1388712
935851
1421906
1909294
1388310
2293239
1310972
1388299
2510949
1402612
633417
1160181
1212766
1121093
1116188
1149860
2571021
1017270
646
638303
1423810
1345541
1125702
43306
2152717
1081940
2498852
1715207
1365962
1116134
434131
1367847
457427
74707
1382927
1131292
1397533
1909294
2021637
1079988
693986
1158610
1776388
1169313
755891
1938856
658445
1969377
2015350
1336241
286780
1095659
1850250
1903952
2592335
1436062
1121349
1535751
76936
1373
520462
1937004
1071770
2508881
270374
85569
1437609
430531
1712680
1225476
1871029
1389250
2040624
555778
1249472
1422043
371036
1412538
1839799
2571141
1345547
1768907
1427246
1734031
1418265
1411573
888061
1117647
1157464
2316085
358708
1354135
1206733
2320867
393118
1400387
1444281
2292077
2574734
1281209
1274374
1388376
1310901
1182732
1289589
796734
1547597
1121307
941280
2575699
1637975
745365
1310580
336831
1409710
1422372
1281057
1121388
1157943
1736575
57028
880478
1423785
2502244
1409707
1566239
1393049
1049927
54914
57028
1182165
1134795
1409717
54913
997338
208224
1961091
1745712
1422807
216946
1410759
1198245
1173677
709876
1336806
1421888
1743163
1217676
1136880
1238668
1291332
1871028
1463164
1500276
1581119
306541
1339310
2530454
1121398
1389955
1841868
304268
1167697
85569
492785
228899
1446623
2135783
1890302
1176533
1417046
2043171
29344
1439842
1412807
763919
1960589
1439726
1341658
1283300
2135677
1561206
1120929
1196095
2603899
1703964
1054862
1739356
29542
1523432
882097
1413495
1638984
1854492
992022
1291346
2567944
1945873
1181670
1410728
1121895
1393734
457412
1095684
260681
1889784
541229
1736404
1286087
2584609
629742
2292179
521005
1411571
1503054
1074119
1316918
67356
285676
216778
1422468
2203715
2585118
368407
83262
1909294
1927128
1736385
476157
718271
1409595
1121392
1412495
34065
1128326
1446510
1981685
1444250
334802
2484901
2015515
240292
2512157
1458472
1965591
2303333
1392849
1520580
1262466
1005476
1897630
47716
1679753
1328333
1232430
1122981
1938606
1869313
2563908
1661049
2613922
1185696
1421946
1715063
1739288
702115
370554
1458921
1629051
1453498
1008453
1116177
1423534
1566228
1469948
1439066
1699134
1140001
466044
515489
1194153
648782
1418252
1497681
1422288
319706
1395111
471853
1296536
1834174
1185650
2213015
1440774
1131336
1852373
1503053
1310769
1452487
155866
1224147
1690214
2559918
502181
1715099
574556
1907394
1032869
993073
1768734
1422529
2135610
1203605
862751
1124469
2032580
1739297
1290995
2508327
886889
1430
1699623
1938600
1410784
326523
1909294
883165
745717
1397914
1379274
1192868
1138899
904724
1414651
1365657
505317
856793
979982
1310609
528360
1714371
1735453
2494701
1172562
320389
1909294
1378084
1713
2305252
1903187
45888
1238432
1914308
2580413
1455263
1094178
1759066
2078690
1291348
232537
1388753
114136
1193042
1256987
45611
931454
1280990
235276
1438861
648794
1400895
935856
2268757
366618
1736322
1422410
1418248
486698
1410754
2164062
999409
1265629
2019662
1409406
1413607
1154962
663959
909946
1215065
1185650
1422535
1400877
1881065
1436066
2077274
1650
1345575
2602574
1418251
1709001
1921565
1005563
1388434
1463164
1217721
1438699
2486465
2070644
1403913
882879
1171373
528178
768704
247482
1885
1134824
1265486
2565368
1121345
1185650
1333541
1173438
1148509
1909294
1855290
408180
391612
1417111
1154947
1427255
1417032
1085547
1388482
1715096
1230480
1268998
945844
376727
2320431
39770
2022110
1422490
318456
44161
1232195
148942
1899321
457391
1463164
1204719
1457195
167550
278956
1965551
1455604
1691940
273384
1321368
2594003
784613
1203568
1388293
1915310
1074122
1123382
251653
1412710
1422128
1352576
1422708
1157440
350814
1227813
1438723
1909294
1633874
1399795
749506
189426
1232866
1676683
1400812
1422182
1173939
1577900
67256
1561924
1448516
1236535
1435992
1033813
2052597
1973484
1380157
1402610
1294142
68175
889242
1293
1909294
344880
1435051
1409628
558173
1071777
1255303
267135
301102
992181
1116013
85569
903904
1671680
947013
1409449
2707003
1328437
190304
2170745
1185650
2184556
395019
1909294
1977090
1105239
1409681
546268
1115567
1768751
1856862
1114965
1813019
1158479
1303784
1715097
1182164
43354
1418344
2304600
2584576
1328358
1095649
1432048
383372
1402666
47839
1413466
226910
2021361
2293225
1304921
1909294
1194090
1245935
2029685
1352520
1806667
1385719
1124968
2588497
1409598
1889883
2320086
1377993
2292027
984244
1121287
717785
760779
2510952
1834145
992085
1185650
1121930
1434200
172043
1408436
1089443
1005740
1406866
1284799
1519494
1496689
296842
2498119
488221
2293075
1394701
1284811
985002
251703
1421875
1394562
487831
1444295
1310679
318586
93218
1185650
1114873
1116037
1434166
1185650
1412818
864058
2545757
1315283
93218
1069083
1439273
2584582
1444248
862516
61644
593905
1965632
77777
1499689
1296536
1154900
1763536
1157403
1424337
1120933
1310875
1852374
522259
458
1113728
2033489
1446554
637988
1423764
1194716
360922
2485170
1168865
1316919
1708715
1421954
85569
439228
2135688
1281275
1121896
1107311
1926491
424720
655812
1756150
1221255
1137961
2589916
1124970
992184
2060113
1185650
641107
579513
1882787
1413589
1385510
225992
981324
2038139
142649
1257038
1472722
1169189
1423759
1145130
1409417
1890302
1275977
1169913
928327
1212559
128936
868146
2093875
469591
2153485
527021
1001989
1485585
1839776
2203198
1325435
1739328
1427315
2039344
1777880
45888
1448822
2070564
2485127
2670374
1402751
1909294
1965560
930854
1357508
1095733
255519
1219040
1344042
2080419
148942
2004995
1123326
486410
1581145
2293119
554344
1422435
1927127
2135658
1388175
1105262
2562450
70611
1185650
226185
1002672
1388290
760136
1422368
1124934
1401062
1217663
2175631
1448662
1570344
1419324
1196095
1116063
1328385
1412732
2512115
1881032
85569
1499682
1232442
1581038
1072601
255705
1218102
1884359
510947
2006110
1352353
273384
722
1157388
1455302
1753
749949
592026
1881045
1196095
2172650
502393
299766
1761757
698965
1739509
2584583
156892
1217721
1985874
1933776
2485109
1630648
1071773
1503055
1050347
260678
1222029
1185650
302044
1421861
1439136
553206
725
1230341
651561
363837
496833
1388248
137838
1485545
1429244
189426
2592655
1188261
301102
1193018
1084232
1444167
2135627
1981701
367299
1276652
754506
1095668
1408281
1437473
501024
1720558
1339285
1331214
2419512
943815
1159094
1398036
1293597
1827634
1388576
59561
454957
1349779
2651334
1215073
568708
1541440
1413357
1122128
579518
457396
1909294
1415766
1182714
1394655
374927
1394582
2135483
66858
2184560
1409452
1394686
940232
641549
197482
478
316284
1268061
2292212
1411569
2485205
1185325
556268
1323697
1418289
42322
391774
1236695
39774
1157001
1311122
65393
1221270
999891
1260129
1448748
888063
219572
1388309
2614639
1422772
1949203
1736546
2497945
946677
148942
1144344
251653
670904
1434707
198107
1439236
517719
2292950
1422052
1933219
1185650
980561
1432562
1388636
904318
1820002
1302626
2589902
2058302
1280959
459526
996856
2571129
1145139
1909294
1382345
1532552
1074137
1122923
43759
512564
1909294
2011094
1422648
2292922
33876
1256908
180332
388280
171194
2661937
1054956
1481663
1157342
634458
1577897
1328353
85569
2093872
1232427
1123371
872965
1909267
1392860
1165094
1715137
2044506
1581127
1182688
1409656
722472
1380604
1841249
1451261
1566263
1031541
33881
1329819
280093
1822226
579505
1121129
1402538
1105261
1882759
190655
1281092
1168170
2530372
1392862
1388285
626937
1265650
1736611
43306
1169260
857145
1291358
1343737
42238
1121280
1385935
2320271
564117
441153
1672219
1173025
1395570
1173951
1412477
1660067
946678
1817963
2040586
41899
452659
1444064
1281077
1416759
76758
399736
1074167
1121459
760787
469585
2608393
1185650
1138883
1418438
1636425
260554
1121444
1679171
2044610
216778
1408965
1157422
1909294
481146
354355
2591606
85569
438855
1392847
478005
306545
2005467
1608881
1154820
2086576
1396858
504728
1219077
475255
1805819
1333537
1855657
990317
1185650
47500
1169355
94626
85569
1345521
1906854
941986
1503054
1196095
1446683
1464038
1238196
1310630
1280997
941280
96496
2293098
1154945
547042
1428439
1448506
2293220
1433291
765100
999433
1848580
937928
1448691
1160703
1185650
1610492
1151253
1981692
1074175
1240350
1339280
1411528
2341117
2175674
1112216
1890302
1169315
1410805
1381111
1354109
1149952
1409775
1260357
1344993
1122252
1248411
1249659
2203782
2569535
1448746
34006
1095731
1447508
1296536
1537215
373384
1328329
208224
1388421
1214183
1439830
1761751
1097579
85569
325473
1215099
632772
2307003
862967
755868
1548018
1715156
1260362
251704
2038111
2589894
1935
446372
1352343
1785091
2484962
1400144
1409650
574966
148942
69
1566227
1736328
2014742
1007099
621456
525362
1339317
1121411
47482
527005
2293160
1313290
1759399
1737425
2038110
1510841
1503054
1331910
208224
290109
992032
1232452
1736398
80854
1323688
69969
903889
2497684
483687
2135653
1822261
1886
882211
1448577
1650662
1463164
1181745
416943
2653936
1838280
272943
1049912
57706
1455599
1422014
1605891
2559916
1447263
1715191
1185693
1217692
487823
1402633
1577902
1212570
358771
1345545
1912894
2174842
1886
1438757
1298925
760854
2022498
1392508
85569
1667327
1848688
408184
137773
345167
148942
1965634
312284
1909294
1238193
1123072
1144327
2082394
1265620
1402776
2591082
1446519
53407
1214191
2070620
2292983
591019
1444275
1388456
1438842
134676
155864
1548597
1761805
2182390
1523155
1909294
1001726
930778
1664069
591365
1423139
1145276
1409500
1736599
1423555
265719
299766
1463164
904344
1169197
29429
1385369
525262
1169295
83963
930130
1552123
1085542
454169
632335
1249663
1294273
688079
1298865
2562683
570509
1280704
1123489
1167631
760820
1401260
1422047
426368
1434211
2107713
436516
1074184
1581033
555793
254758
1890302
760864
656383
2491024
1185650
1297868
1840331
1121344
1161917
1202450
1427310
1299053
698827
1909294
766143
1238210
1388497
1210100
1311077
2077273
2219225
1169365
1439002
1121090
1049966
1388227
1448479
1049928
1182717
444597
1121904
56878
1051058
1178528
696763
1215075
1715115
1417103
2290915
1122153
1400936
545697
1121324
1898207
1622072
1965626
473423
86102
200126
1909734
1055192
2135764
1236518
1909294
1758178
75379
235277
1387989
1123033
1561203
243061
997887
1421922
196600
469371
1281096
1410926
1296536
1715052
1410753
2593535
1909294
1123077
1159096
1354176
1550024
1151179
475075
45243
487514
85336
991989
1417195
1422328
1173431
1116135
1444088
1284790
2182793
1402622
592361
1909294
148942
1193713
1422393
2135505
1965661
1422767
1855306
351016
1149132
1054952
1354277
2293107
1181764
658082
1151209
505353
1798
2009266
687844
881621
1503055
1265635
1439072
379075
1566358
1403908
1686378
1163743
2066514
1345000
82805
1450186
1349786
1909294
1183427
1004956
2029678
208224
1712654
1413187
1408272
2575375
883124
535712
1439299
2583233
2305447
1095726
669262
1278308
1740262
2502183
1006551
1581100
1402513
1122999
630626
2584603
1052212
1386082
2592653
343874
1834146
1660067
992019
1122143
525337
1005478
693745
496057
2023151
2077273
1168169
857138
1447534
1904360
1448703
1449048
1151348
1481663
857110
312253
1417152
2575510
1448132
2653856
1440031
2597703
1794699
1385930
1637869
2316724
1439310
1455605
658218
2293191
2590030
935700
2670329
1749074
1351804
1005512
1111120
1931996
85569
1458515
1448670
1398983
1005493
1909294
2044459
2070580
1570137
1056495
1182190
1834099
33050
1210522
1197861
2169582
279113
2496771
483179
1530123
1909294
1410384
1446594
2528639
2486280
2060066
1964541
2587863
948106
1444198
1736281
367336
243265
1503054
1692240
1002367
145483
1649184
536056
1116066
1628742
512402
1735012
1339275
2185272
857126
930806
1422703
1091494
1402683
1185650
398580
1397936
1418381
2490856
2589967
325775
1886
2014537
1935204
1423780
2496776
179879
29522
996641
1357290
1545693
992027
1437606
1440770
904798
1427204
1528101
1409712
766141
1896221
1112254
512566
644897
863638
72758
2058087
546364
243277
29542
1434172
1134826
929712
1041522
1411601
1412758
319653
1545728
2109328
1392854
1444291
2292215
1206729
2011094
757418
1871350
1218494
945555
1185650
1403874
2606615
380749
483687
1399145
1398021
1050199
1444120
1398203
1295076
1310843
1736428
1293
2589887
299766
208224
1185650
1133596
