tax_id
1082703
887294
579483
1423527
579478
1915318
1388368
2496755
85569
1200984
1388363
1909294
1434203
1310684
64969
1169242
28113
1736597
1144333
1414851
45072
1009464
1197728
1394634
1161424
1124469
1038014
228230
31965
1403339
1370127
1005479
1151247
2563923
2202828
1181743
1219356
1615674
2587856
1333852
254758
1645914
1608910
1315211
28210
1284816
1315185
1739311
1217664
1417214
1127699
1594462
1345704
2488993
1388475
1308956
2172650
41988
1321254
710111
1969805
1265642
1411520
1151384
1284663
148942
2022550
208224
1398013
1755504
1316593
1813019
260799
996640
2135674
1310741
1755099
1720204
1628749
1121339
1393711
1408924
1307428
308053
136468
1161102
1187080
604330
1906744
1157430
224013
1370107
349966
1455311
411903
1631556
1909294
79882
1333566
1001595
236097
1123377
1343565
2082625
2562860
2529850
1898734
405005
111780
1218095
1817406
1534743
1033900
1409675
2302978
1505723
1608896
1422187
1548150
1185650
2479848
1439215
1749078
337191
1422430
1185650
1182686
1154861
660294
459526
1448816
2498121
1353534
1413534
1432550
2588536
1410689
272558
760776
1736291
1121438
1500897
2033481
1886
1218153
398525
1909294
1796616
2496713
1402720
1193682
999431
2580422
1202724
904306
1236978
2292966
3042615
56956
1291764
368491
1427279
1134842
1005531
728003
1834099
2116684
1461693
1909294
935586
2080658
1036180
203123
33885
2291
1398041
985002
1280971
491205
1628086
1331668
1409529
877468
883077
2291322
1324260
681645
2029849
2584576
1981694
1068978
553171
1398988
863227
1182760
2023151
2292082
1409382
189426
1100828
754764
148942
148942
28454
280332
2079253
1139219
1855663
2603892
2303751
155866
2650410
2016517
1144750
1458355
1895634
2592336
2562439
2292363
1400053
1438698
1001593
102862
537210
1911684
1116078
1443665
1448434
1881019
2292215
1185650
1345551
107636
2483112
2486271
537012
1049971
1185656
1054862
1772288
1854056
1121014
1281767
1231377
679198
1217701
347834
1410003
1415773
85569
1157031
1074919
1169286
1185650
2491055
1128952
1909294
1299895
83262
569579
1449985
206506
1121917
1630162
1182690
1157387
363844
1438995
1349778
233413
1185650
123320
196367
1221996
2213058
1890302
290399
299766
1384049
1406857
41899
2033503
195105
167542
1036735
2014742
2530456
2022507
561365
1402559
1185650
1213734
1191678
1310916
1385699
1294272
2183899
1116049
1212578
1121411
1001735
1410711
1305729
1679171
1138383
1302646
2066697
1281252
1783512
1446506
680026
2108445
2164068
2488860
2968969
938145
1412898
2316080
1444241
1306175
754409
756698
1349782
1193576
1310988
2293100
1705566
1403537
1458425
1154942
2338368
1736361
1288295
2125990
1827978
2593007
926566
1154855
471189
1736571
1324228
992081
383911
531306
1938660
1408476
1444037
1194970
1412758
1410776
1739432
29384
663959
465820
1503055
1890302
1851876
907272
2565926
1423476
1136165
1079
2590780
1339321
2042057
2306993
1185650
1198291
180899
216597
1169191
1032869
339866
1438768
1436363
1801623
1577687
2591635
1423755
1045009
83262
1324586
2040652
1181728
2116539
1310675
1397697
1409755
1138874
2589907
1181754
1410662
2094024
299766
1125702
1422202
1413444
2578109
715473
1371
1895604
1221256
1410808
1438769
1961714
2028572
1409638
54913
2584592
1185674
1291052
291193
1123502
515622
2135691
1408224
941435
1398058
2023178
1470562
1343497
1219012
1898203
2027860
2502784
1423818
1890302
870908
1134787
1784713
1121881
760810
2011094
1736585
1438887
1280669
1410865
2080530
1878935
2292266
198480
1411519
2034282
1417156
1582259
45074
1341686
1851429
1150948
1418335
1122919
1324246
1140001
1421887
1295366
1249666
74704
1259797
1250520
1715011
2601673
1611836
1412584
765914
1463921
1116159
1909294
2293038
593905
1422639
1145149
2290923
1408449
926030
1221272
1872678
1427315
362257
2293116
1581077
1388043
299766
340320
656
1296536
287098
997891
1674924
2058087
2030927
935860
1358423
585147
1304888
2054595
2048667
216142
1398965
1834190
2116542
1427314
1215109
2029404
315730
1917485
1154844
1388712
1705
985002
749544
1909294
1961
1123249
1225788
1031288
85569
1122951
1079060
1402572
1427374
299767
146806
405436
1402593
1586646
1154814
1215080
1411540
176280
1909294
1210041
100
1434194
2022105
1879010
58101
1345562
996306
1042878
1281040
328971
1398075
1920512
2498136
1410708
1413542
213224
887712
887300
1310431
229921
137778
1408179
1736506
1287292
626939
1408973
2292077
1422448
1945581
1073423
1715170
1238205
1436725
2028343
1185650
1438749
709876
1785128
2292217
201975
1004304
1122915
299766
1981690
1478175
2077090
260678
563032
2172103
1852385
1816694
1455607
1296536
1886
2058324
1111738
2293201
360412
1410929
45074
1347791
1185707
224729
1388410
935261
1632864
1448785
1410866
1645681
69974
1109412
1158550
299766
1296
754332
1122160
2589899
1272
1523413
1196175
2605619
444177
164516
498738
1434324
1225722
2305440
1715119
1661057
2006109
2562311
1386089
1030006
2023178
1132028
990712
1446590
2029408
385967
1881037
1886
1100824
1116035
1410717
1679466
1685377
28898
1068978
1886
931456
1116037
2293075
1936993
1388110
1265818
1151273
1643810
1911680
1388253
1703339
1122611
1094170
1446706
1159059
2603899
1418263
1849169
1111121
190721
2505970
1299469
1269002
2005468
1503054
1144888
2511987
1388344
1249531
235275
1388192
1909294
2099693
415747
515489
1448791
255519
187868
1715201
425513
46224
1310744
1185650
469604
1127124
2316383
1175299
942150
1121863
1105111
65735
136468
1909294
1157024
302167
1185650
2511991
69322
1224920
1398493
420889
1423724
311403
2547811
1909294
742013
2135580
2054916
1408450
1120977
1422281
868187
85569
1642303
546270
658641
2080666
1034346
1458922
1439272
2293327
1655435
1388094
1603897
1116000
1564138
1965538
1247402
1234368
2528002
1185650
1095670
2108545
1427369
1965645
1417021
2077149
1185650
563169
1330535
2039339
1265650
656387
1909294
1641707
251654
1031752
1108595
1296536
991
1188239
2545717
1581095
1238448
1438741
1909294
1388334
2026188
1397530
2589944
1122214
2211119
1715057
1774743
941968
412614
1244119
1281105
337005
1455270
1909294
1889781
1400524
1137780
1386967
1185680
1418400
324602
1266908
1055531
1500265
237682
361277
1890302
72361
2019572
1890302
1418401
2488994
2489214
652740
72557
886889
1437608
1911136
1468
165302
931438
1173453
1422726
1367478
1340436
1502749
2135584
1945860
1715049
1714849
1124471
58169
225345
1387990
2093887
1400936
1150298
405955
1160720
1185650
1439159
85569
2500156
2056848
995037
1388425
1736043
148942
272563
1151430
2320863
1185650
1121897
1226661
528351
1403868
1266845
1185650
1219074
74704
2020965
1127123
648999
1388597
1220535
1302272
2485925
1287313
1412511
1122985
1903261
1981707
2576905
985002
1206739
1858609
1703972
1234597
1410916
1050222
1709
2049049
2024221
1005514
67327
447679
1388632
54067
911022
1851146
1388310
1447538
77097
1151360
2033483
1116088
123316
260678
395019
1246626
1244091
985867
1410659
1422625
1185650
318456
1161416
1418281
1427292
1141874
1327986
1181768
936140
1410906
1667327
1388607
1217665
1049979
1219014
247633
148942
200475
348151
2070676
106634
1661045
1697787
1169295
879090
1298856
2023184
1439212
1703961
2485925
2292978
1909294
1105118
2211142
198107
2545267
136098
1447716
351675
1289590
499656
1095729
55969
699437
579508
1181756
34065
1269005
2135661
300876
1265644
1438841
1612552
403833
1394579
1096779
1234596
2707003
1116129
1071754
1388650
569862
681157
1310761
265668
1981684
1005994
992405
1448552
1768242
2048256
1438691
634455
1169292
521007
1248915
1909294
1254334
2023189
1049819
1448758
1261617
1336241
1904944
1423477
1169271
285578
1448618
1115567
1354162
1422614
755915
2126346
1137280
1447509
675518
1288825
2576777
1121865
1349826
1422757
1388227
1423441
1069608
1185650
279714
47312
442528
1423783
518634
1422409
1401257
81857
29545
1297424
1898204
2583807
421072
103690
1585974
546365
1479237
1151171
1449752
658629
290109
1185650
1917880
1909294
1434841
85569
1185650
1686376
1154801
1053186
2653122
1448752
1457187
483687
1222033
288681
54007
568816
2292069
1100699
999611
1410647
755894
1418262
984244
1422077
2048551
1281129
1402614
1422537
2487519
1909294
1151233
1909294
1068621
2570561
927665
2490854
1154800
2217815
146035
2592815
1449354
225364
713586
1335309
1758731
1439276
2035210
2082626
1545443
1190581
2292255
1827299
1403922
299766
1260963
1614
1423788
1384459
1154952
504728
1917973
2070632
1112214
1446610
1242101
1938558
1406823
52442
742765
2500543
1349775
1813821
2049045
560555
1053171
154117
904769
2592812
1822261
475791
1334564
1192730
1397869
1715134
1345538
1909294
1400922
1705197
1695997
1351789
358771
1412728
1715691
754082
760773
511691
1658618
1841610
1409477
991971
85569
1121126
1244154
1214156
583355
180861
1403904
1192775
2135725
1437601
1294269
497963
1265623
1413583
1145144
2607730
1388441
1430
261474
1448476
366394
702438
1412574
1438732
1806492
2320104
1438878
1355374
1503054
1192592
940288
1223492
2560058
1427371
868129
1617282
1438681
271881
398580
1411574
2070614
2049045
1427218
1388494
255045
299766
1121308
1004954
224729
1324247
2014537
1145130
559301
868145
1463164
2032566
1909294
1715106
2026186
2135767
566551
224729
2502193
2080494
254161
1867263
120377
2069255
33028
85569
2528206
1689269
1224929
247634
1881060
2485173
1265641
519450
1001710
1710354
1409466
1439299
1628193
663365
999544
1121027
1619308
299766
907239
1185650
579513
749965
1341692
1116079
1178541
1185650
2058332
498761
663364
1909294
1945874
712898
1736259
1579342
1446556
28045
992180
1320555
2502237
335541
2484974
1427226
299767
1909294
1298858
1417031
2093860
1890302
2069432
913865
568768
1341688
1155717
2496711
1185650
1089548
2563927
904342
1315184
1210522
1535245
1123313
600809
2582827
1335618
1448728
273384
1340842
494023
429728
1229276
1412552
367190
2506429
2419772
1416914
1715151
643561
1300349
1248902
1283301
579511
1444137
888027
1352941
754423
89968
1487
2883100
2530379
1095731
1422527
520734
1218114
1154758
1566263
1005394
942866
1076588
1890302
585143
1391495
1422423
1418240
1723647
1296
1637645
866789
2293157
511998
1332074
2080583
1437448
1538553
869729
1410783
1409594
1448509
1422054
1422279
2596827
2069347
2127050
1925258
387096
576117
1175632
2584952
1839783
137584
932006
2024272
1581124
2608683
878320
698761
1183423
1219048
1402555
1870820
1121425
1739511
1400938
1054862
1397861
1940
1409453
2038111
2175655
1438676
1316147
866499
1463164
754252
1564114
1397880
309798
1871037
1267768
1398079
1158472
1169178
1911135
1331252
217204
998674
1122241
2133752
1447263
1447514
2528712
1216006
1849603
1421899
1413407
525337
266748
318456
235277
1446611
1736265
1703941
2587869
1394647
1933903
984228
1909294
1446499
1421987
1112258
2080747
1434328
1314885
57706
1890302
1157637
316280
1412656
1508644
2116701
1412658
1909294
45243
985002
358742
453603
1337936
2487420
128944
1421975
361279
1296536
1161917
882452
1121436
1116064
2562312
1183380
224915
1736257
675524
405566
1884916
1217660
999428
2303983
1914995
888054
1627893
1449336
1581712
1422088
1450436
1399789
1442602
1310570
565653
989397
1410789
208224
1806506
985762
1822218
1463847
1735681
1212548
1072568
1169379
57741
1444146
192421
1384589
1418402
1121331
760192
1167694
1834175
2572899
662947
1703933
1417012
471871
2518983
1352589
491078
1123248
2040624
904785
1413354
1185650
1446539
1394565
1412733
1412693
2293128
2072411
1429082
1154917
1185650
2093897
85569
1321950
1716143
1123010
1037362
47847
1281179
2496265
1834123
77608
498743
1154804
1463164
1345586
1427305
1229907
1401264
765869
411461
1447448
1234365
1354159
211464
1255609
66969
983920
1235798
2293096
1737359
1715029
412437
1446652
928722
1397894
288768
2590869
1242993
1236902
1414651
1151345
765699
1214168
1158470
1219041
1400139
1116047
1421916
2172652
148942
2302969
1035817
1428418
1417194
1909294
2588497
2584598
55212
1962638
2077273
1409765
2056869
1032241
1740721
585
943346
1715198
2563937
888055
1792311
1388374
1203619
1127353
2293211
1412789
1185650
1715118
1972431
337701
1909294
656178
1310746
1214178
1736335
1450527
70348
1905758
1462527
2584611
553190
1340430
1173882
1503055
1850366
371608
136468
299766
864803
1881046
1137132
1286821
1311111
385966
1896203
1421893
1310943
1581062
1338015
28898
1895624
2249217
1736588
1409626
1185650
1686287
631362
89061
1816690
1349434
2292913
626774
1415402
1265628
1422500
1357272
1938889
1185650
743968
1402605
2051552
1603886
1422189
543540
926028
1441
2039283
1409615
1214164
941280
2038107
452286
93218
886724
1391469
464
2340
1155476
1196095
261292
1042417
2291321
1388497
28101
947561
2293069
98804
1385515
104087
1281207
1895639
300269
1185650
2487519
368602
85569
2026188
85569
2058289
1909294
1160721
1444199
1218600
1281020
1448804
1409961
526944
29379
463024
1570939
395965
487899
1736331
1422608
1388640
1196323
1494
1715208
299767
208224
1388424
999545
2608406
859144
263819
743699
1291352
667121
1215067
1739494
1736598
996846
518634
1409367
1234668
1185650
1267753
1417064
1777867
985002
1639034
2290935
2604835
1513890
1658108
1287475
1185660
1739417
1448639
551996
2588536
1439218
1388325
564710
2589797
1388257
1735673
1388152
1284831
1409582
1114965
1503055
1421830
1401256
1637862
1266446
2541726
2082634
1793
1331238
189426
487909
1401651
1053647
1410881
663959
546115
706587
83331
1715089
1122619
1185650
1443115
1214214
2033491
196627
1329838
1413210
1121111
1390083
1071758
2100821
1169280
1448468
1448740
991937
1413545
1415563
1723757
392021
1310734
1005394
73044
2292979
749962
2590214
1105266
1412825
2045014
1388656
2075547
1182662
1121392
569857
2610890
1841856
755970
1422173
880447
1909294
2585117
1439188
1776758
342108
1345546
702115
1391727
1898204
1054961
1409507
515350
1348774
1215082
1909294
1417094
1422132
2552945
1110502
1128255
1455696
1388613
1358025
1890302
1123270
1229485
1094489
2501299
1965579
1428452
1343558
264451
1978493
2048290
1909294
1167009
2606616
1339290
1448651
1158651
1963
1267357
1898732
2480797
992004
1120967
1437609
1158522
1945509
1126681
1981709
551947
1280965
1245029
2293058
1844106
1882755
2109912
2234133
1412790
570417
1418302
1299042
565040
2303539
1444269
1138908
2292985
1873716
1398490
76758
985002
1637999
1938606
1151211
1973491
1160193
558173
2070662
2213162
1185650
304077
488732
482827
1739278
392009
1218177
405948
2575567
1094477
2212467
1250285
2292237
1185673
2023130
1121112
1739451
1304923
1215074
143388
1761784
1380351
1446715
1775177
369822
2587844
1503054
2739064
1904861
1225204
669455
137545
307502
1417109
2419773
192956
2502781
1087445
528345
501868
1577901
2527691
1280982
2576429
1477
1281197
1388161
2584949
148942
1051645
1145194
1123307
1324318
864058
374981
1243586
1408922
1736411
1275
888728
1288970
1909294
1453289
866913
1397689
1583767
1296536
254
1185650
2050967
42565
1465490
1736309
1909294
1975707
656374
1422454
1080187
111611
1384082
1439002
1049913
1049983
2184563
1715160
1882766
1655439
1736465
2183988
272123
90239
1412607
191390
1331271
1331237
1220574
1310818
2491046
299767
1798240
1160163
1772282
1079754
1566183
526994
1138914
1255359
2512166
1896212
511998
1212545
2011017
888807
1448645
2138300
515618
1736476
1874317
1185650
1834078
1048834
936889
1198317
74707
1049199
76936
903926
80852
83456
2482750
1465359
911238
2126993
2109918
1451
1400822
979218
74703
1329810
371036
1891914
2054166
1095768
1348237
1761806
1898207
1439856
713556
2024611
2049044
193384
1912596
1160171
1310893
1380350
1137248
645663
1909294
290054
680649
1550024
1503054
1392067
1530123
1392865
2249427
1079859
629773
1422201
1145177
1439274
1608875
1157021
1425338
1406819
540906
224911
1300915
1503054
555217
1736527
984245
519441
928210
2364774
1221327
1696094
359391
1423716
1300227
675815
1441
269799
1352582
2203195
378794
1121910
1185650
1281138
1415166
760760
1418419
2582913
1413422
59813
1299037
1238197
1407053
1896211
512769
1520810
1909294
1193292
2293071
1310887
2530392
2448264
1122929
1736046
1398077
1398949
1388131
1661041
1739330
1185650
69368
1388194
291594
358771
754256
1178516
249351
2070578
1274
1421001
1585976
1185650
1169250
652103
1182711
1358411
1444045
553577
930942
1909294
1263868
2108274
2007308
1463164
653930
873128
1607738
1390383
1396826
984226
1145141
189423
996824
1388755
1286373
1388517
1985873
2058321
573066
1413397
1418387
243274
1432047
2175627
314271
1138915
1981502
410764
1979544
1291207
52770
930118
1439221
1670449
302167
115713
1909294
1105255
1904970
2340
1986223
1422697
1572659
1001542
2116544
2292370
544875
1128178
1422599
2161817
930946
866919
68042
1388492
1281072
1095730
1281061
1739318
1283291
148942
1410625
1853256
1448414
1416804
1435990
1201037
1550235
1972191
1932366
1418329
1427183
272943
1388615
1422091
1222032
311180
2135465
547122
2070608
1331043
1262464
1382466
1431451
1303689
1071078
441162
430453
2283190
1125724
1365649
488732
1250026
1259803
1389713
253839
1428628
469609
68292
585
873449
1428437
97473
1890302
1422252
1949067
667128
1974322
1715190
2135588
1502759
1413473
1388238
1898040
1137135
1225647
1602169
148942
1409522
465541
57706
936351
459526
1535750
1321784
1181771
1245396
1382518
1439834
1446726
2320103
1394678
2077274
1281142
1413494
1463164
938146
1422390
1454630
2183986
1385664
2486016
1423717
1235800
1198688
2269374
86185
652620
573737
1086034
1219023
1813019
1159091
477184
2036
1049985
85569
1291359
1281250
251653
1492922
1278308
243899
1828186
1310756
1494
1145114
1296
1909294
37915
2116500
43306
1355015
1125976
1121896
255045
1409425
1965650
2040295
1310768
2490952
126741
1121034
332524
764544
1300165
742823
1335419
766136
1421994
1388291
1157411
1191964
1151376
1470592
2485154
314285
2478972
159291
148942
169669
1328432
1403870
178340
1566161
1212489
2512178
67269
1310858
1033837
2058086
265959
1739454
2293187
1410898
561720
46224
388466
1185650
1938743
1402515
1005551
1121357
1291336
861299
1917484
1421831
1380371
2161820
2488563
1284808
373668
1114873
2011094
1465635
755897
1300253
1185651
1448773
2448811
1890302
1446728
1151113
1412797
1244085
1909294
2484979
1114874
1074919
1855728
1167629
1736377
1145132
1848617
2169410
2572676
1505725
1352933
1307442
214473
1588749
2572036
1185650
1295626
565644
228957
1418359
1343159
1460638
1909294
1074090
2306997
1769292
1323653
1796
1138909
1616788
525244
1151260
85569
272630
1149773
172045
1422370
1862672
743719
1418312
1185650
2570193
518635
1005558
1431688
318456
104098
2512123
2558283
1151221
1122131
1667024
1595913
2293240
299766
1121122
1280944
1608898
1236909
1916062
1447486
1182691
1144662
1391910
722911
913240
1151215
1759075
1207504
1438705
1439107
2493674
754333
331112
1909294
452637
198620
1123231
914143
2093874
1266367
1144305
1979839
1909294
2340
1912098
903906
881260
1400144
1350471
2080568
2292314
426757
1423717
2487316
1310698
445710
1735695
255205
935262
401976
1515746
1310921
1680685
1049964
1970738
1351774
1888910
318586
76869
754505
1407502
1240769
255723
2012632
670894
1071767
1422036
1220564
2053287
1126896
2510189
1980935
356660
1739426
1409496
1091497
2026720
543527
1232449
2116518
1394588
280147
1157986
2589956
1185650
1157004
1072571
1125697
1503054
1909294
93222
208435
1182682
1260625
1321610
1909294
521010
285575
1010610
1005530
1686289
367336
2293169
1397277
2292967
1328435
1965647
1388346
1348973
1530123
148942
1973006
1421945
1402603
1123361
760818
706585
1437449
1423816
981327
1009423
1281162
2006115
1210066
1423758
2559926
1388185
1397909
376219
1359168
420889
1382520
1659191
1444188
244
1940533
1736572
1185650
1185650
1674310
887063
1328359
1206737
679189
1427266
881260
299766
1796622
1310782
1777142
2053044
2484962
1461338
2161716
1715094
1303784
1392070
579484
485917
137722
1713
1432554
1439182
1116174
1335307
146819
1174684
1225195
1114970
1181738
1455605
1413491
1296
1356861
868864
1508404
1448562
1681197
114136
1423139
2575443
960
1121375
412439
326297
576118
1389416
1194149
393131
585
529823
1842537
1291319
1397917
1408456
1221302
1960126
2079535
1715194
1033737
1221281
42565
1893
886882
85963
1123268
1359166
1310639
2527976
1446635
2057808
1736045
85569
1410670
1286343
488485
1909294
1446727
1481663
2135576
1540872
366616
45056
2304625
1122994
1782
909943
1183436
1281146
1296536
1422669
115545
1298593
1323687
2563954
1725232
110662
1283291
742766
1427320
180863
1302616
1215095
935266
1185650
1736278
1196829
2491116
2597701
1125876
864051
2074
148942
1448533
697328
1605891
1388164
1909294
1713
2213200
1128111
453365
340322
745365
2044504
129817
992074
2099788
1310563
1446650
1169334
1121351
1034345
1000953
1408254
754520
244566
1169341
1394584
1515439
1000951
1116166
2039870
1423776
1111075
1982042
1716543
1422425
1185650
2035218
146922
1408889
2135637
1158619
1051349
1410869
2547402
46127
696216
1125747
1159093
766160
1412531
2609145
1282880
1460423
172088
992144
1158345
1165841
593589
285676
1581557
1581030
411474
1185650
2420302
292414
375286
2058152
1402801
54398
1423427
1120679
1151325
1267021
2070558
2340
2511989
526222
1776385
1169156
1259237
754397
1121126
627495
2608029
1631743
1898736
547043
1448496
1445606
1229521
1078764
487827
57706
1676614
860228
888813
1449343
1401064
1219028
212667
1185650
2316078
1296536
1244104
29384
1310760
148942
1388642
1365008
1197861
1848517
