tax_id
1530123
406558
2070670
742013
1191287
2024553
1121087
1078090
1580596
2340
2546446
1281277
1284679
1311032
1422363
1446629
1150615
1435069
1530123
1907659
388051
1398971
1932112
1409705
1729588
1154892
1200747
2486854
1203562
1281021
487004
1328415
1078505
1267944
1608873
942135
1158184
74700
1154820
464
656404
1388265
1324258
1124912
1854588
1223509
1914995
1422631
299767
1349822
1409397
1503054
91892
1185650
572264
1208657
1776378
1310564
1283291
993073
2605619
1603887
1388374
1439188
1759070
1236494
1182172
1074166
1914535
439529
1126919
1310700
1192688
148942
1412582
1463664
1192783
1005041
1168064
903913
2498111
1167635
404941
1715022
1055352
273384
1621700
1380387
2320270
232089
1185650
459526
537013
1702250
1280700
1736566
1981719
565660
1413422
1161911
889223
1410802
910348
1411520
917
1715061
1388308
1759068
1033993
1001706
1967622
1448663
2505978
1095669
1402747
1649266
903928
2032629
1238422
45060
699218
1412553
1250229
1388187
1400164
1960828
1017273
2044587
1247730
1287226
1074128
1395110
1435985
1154847
1390078
1156915
1449966
323273
2487423
1905700
1169855
33050
1268303
1530123
1121306
85569
979203
1296416
1411698
251653
1399029
41988
1340495
1388482
676200
2419507
1793726
1614
888051
1358422
1265845
1392089
886882
2569539
1265682
2080668
28101
1423450
340186
2485196
2292294
474186
1434210
1121865
1144618
1149133
259536
2234116
1886
2605619
44577
1907412
1310802
35841
1286088
1400001
2023182
1739320
1192864
1005538
1261624
1151213
1696094
891411
1121448
1297121
1284787
1305590
1560005
1388546
1000561
1936995
249581
2594462
1154937
1325934
981369
1909294
325775
1154874
1439204
2563965
1169213
990268
1151231
1422603
1410787
1169355
1049781
575595
1406225
1169279
985002
1296536
192812
1870820
1413330
637679
2485925
927701
1185650
59813
1454006
70255
1095661
1276936
137778
1224152
1173478
1516159
1410834
1410657
646
1112
1213724
1305594
992180
675816
1519438
2070777
1981513
904729
1236989
1197727
1122180
1408940
1458274
2510794
543538
718222
545617
1827288
1160728
1785128
1331285
1214223
2563923
1085543
273032
1673724
1965612
1938814
1287273
1329907
1310743
545630
2293051
1704499
324831
1503055
69395
64702
1938665
1981174
1331250
177413
1235440
2079482
1255613
2048294
301102
1185650
1105236
1715019
1423539
1422171
1246484
1873482
1144314
2478952
1151406
1183435
1463868
85569
43678
400971
888727
879296
1230631
2585117
745411
2599618
2547401
1417188
1157402
1214148
543877
1463880
1388107
1422610
1581071
2498858
148942
220714
571915
2301235
246196
191390
1849736
1388701
1736532
1392044
1438858
1123377
1435996
1747196
192956
148942
2608397
385966
1124963
2293058
1391478
1437877
1165953
1399780
1293
1398203
1339351
755965
1909294
1502770
1188251
1895637
1185650
1395944
1427322
2174846
2487315
2183987
1411574
1739270
1317111
1121894
1778263
1422394
768493
1448631
1944133
1659191
1003202
2603206
563178
281105
2051552
1739412
200989
1418318
331696
1434653
1408834
1128254
1720298
996825
1289590
1909294
710393
1208662
1158483
1705
1339271
1388534
1410925
1415164
1286338
284042
322159
1178778
1909294
930778
59926
525919
1265636
1519473
2589817
565650
1223528
2026604
299767
1331255
70348
1439246
1435975
633417
1422591
1679166
1891914
1463164
201829
1715119
2501515
1909294
1185650
1298924
1409658
1421952
1967647
1898203
2004595
1436063
1909294
2483359
2508708
1933909
1739263
1190570
299766
1422217
1961
1002364
1413436
1909294
1388225
295320
674054
2211115
1005995
1112217
148942
1299319
1388044
1385635
1503054
1160202
1736368
1873176
2496780
1498499
393115
1401074
1448800
634994
2651636
2070607
1448401
1796622
2488810
1770527
1408880
1100719
85569
1286877
1158673
487867
314235
68042
1420013
307502
1123502
652764
2292005
1463164
1409536
1287280
946678
198804
178774
2530201
991991
1154900
1296
1185650
857133
1370122
877500
2080416
1121111
1403861
85569
1394662
192812
1169364
1185650
1295775
178356
2182388
1409419
568819
1185650
2010829
665118
1030529
857127
644383
611304
871237
1448739
2316720
459526
85569
1185650
2268028
2024223
86265
1136166
1123021
716760
487822
1410882
1214166
1437001
2572919
1500296
251724
1343071
79881
1894970
376686
1154860
1436059
1837
148942
1193010
857116
1437856
1196164
1436301
858316
1249981
1195885
1981700
411459
2293569
1422325
887313
585154
1409709
2510950
244734
465541
2599619
1310633
1397909
903935
280354
985002
882211
1434164
1449799
1055541
875328
529885
1780379
659425
1123032
1457300
1427307
1855875
1127134
469609
648782
1240708
888435
1427280
246197
515440
2305220
1188235
1890302
1739547
1194427
2070600
1450183
1438704
1686310
1422023
2613922
2496761
1739460
1280679
1244121
573237
1834512
1412571
2212479
236814
1955060
1579504
1304922
2067673
2340725
43304
2598724
883154
1560230
1280983
2575923
1311337
1427219
148942
1647451
136468
2015205
196600
1644111
1381119
107635
1510026
1427325
693970
97481
1438669
1409560
1120929
1759556
2763117
2161866
525306
2562655
1485544
396268
1220533
1421873
92826
363952
217204
85569
1970738
1215099
1421906
1120955
641143
1549648
1283278
1185650
1245474
1561003
2293838
1388545
1151354
135947
1351786
1647556
1938746
1285585
1281130
1388159
765963
149388
1151264
1457185
1759082
1703943
2038116
752555
1388211
86796
1697788
1454583
1664069
2135632
1069617
1005492
1965547
926036
1111120
291188
1185650
2080469
1284824
1755504
1446518
881260
149387
1185650
478435
1591408
1388709
1423519
385966
1516159
2316725
1077675
1422469
2067960
983594
1497955
1074177
1116155
2486007
1736541
864073
1410785
1220590
1051004
1422063
2487420
148942
2077273
1154807
1427200
1310984
1879049
1351780
2014882
619693
1339291
715451
2070665
1388569
502801
1409676
1736551
1339319
1259197
1157638
288705
1397996
1422492
1001733
1392852
1422000
1705578
206043
1311029
656442
2512117
299767
1158760
2058327
1075090
1185650
47839
196367
1048983
658629
1417223
1248404
1182721
1904639
2292049
57706
999891
1605368
1296536
760787
515350
1434176
1310767
224729
55213
2211160
1008457
1400885
2595057
1323690
2594432
2306585
1417980
933266
585057
384765
1463164
2578107
1327635
1388318
1074919
1280004
1428416
421072
1909294
1443116
208224
680026
1413210
1004953
2588536
1284806
1422018
58340
1438695
285564
1185650
1242992
2292246
1871324
1835756
2283318
1410718
1398017
83462
1315158
1633135
1194716
563194
1412624
1592629
1128333
1421923
1422665
1321249
1452730
67385
1715202
1761765
1434837
617123
1422113
1421913
314292
1566358
1283284
2600309
299767
1421931
883079
1120972
859199
260367
1296536
1169262
34004
1448547
1121033
1402591
1336245
1159088
1214176
1173835
1396859
1139219
913325
2292233
1736256
1481663
1403884
1927127
2714109
1444291
2651296
2496741
1715047
1276652
335406
1510458
1050221
904751
1411538
1392865
992286
1198683
2175627
1912238
1423498
1422773
1123355
1792836
1981684
1412671
1841144
1909294
85569
1397894
1121926
1619951
2609156
2234087
1463164
742818
1436068
999543
991934
1080229
1412715
1715029
1855380
1421975
1805472
2026657
48464
2054599
1204738
1439284
1715135
1638985
83262
1269005
1335616
242163
2052593
1724
522319
1049974
661398
2583219
1566258
2020715
1489678
2584568
1721087
1185650
1158523
120213
136468
273384
656366
498367
1288410
765076
1441923
1909294
1839769
1510841
656438
1502745
1245275
1154757
1769291
1121894
1773489
1422025
86185
1444244
269484
1185650
1398010
1298868
1884432
505345
1215073
1250198
1715014
1324260
1413604
1766122
1036743
2607754
2029410
1448729
317655
2479852
1072591
1840085
643671
904323
290055
1703337
431943
1720557
2066520
1286348
1076137
1129794
136468
434922
1053176
888833
1839771
1684312
1196173
1324352
1191284
1310557
1448591
1385944
1121920
1336240
1615890
1242689
1182758
1240676
1256198
1503054
1262449
2320868
578943
1448402
1040980
1192197
1310157
80852
2607654
1409567
1074124
988801
1185650
1422285
1974322
1231342
104336
180978
760742
331111
1194420
1917873
295068
879243
1385937
1909294
1686397
650891
436663
1159080
1909294
666685
1406431
1661745
1365957
1339276
1169157
2304625
1909294
1481663
2304605
1094470
2654998
1435365
889453
1435054
282683
2052656
656407
1157004
483913
405948
1909294
1398949
1410843
1394680
1121890
1185650
1111738
2575699
1909294
2653219
1417136
1122215
57706
1851572
1225174
1134823
1000952
1409569
1549810
1259825
1453289
310779
33907
2201181
1005452
2029981
456
2233533
2029683
2594268
205332
937773
1392022
1437612
1154886
1455264
1324221
2083153
1447450
337895
1422439
1412823
42565
1889779
1227360
1920129
1214156
684065
525244
621376
216895
1053170
1284822
1296536
1463840
2496738
1281248
1415774
319795
1736354
1329905
1394618
94627
1938895
313624
991945
2582893
2292897
1053217
228405
1896200
944546
2292296
1339339
358771
1304878
2609141
1126927
1513468
388278
1296536
1005524
1566271
1388678
2058309
2594459
28210
37752
1263756
443610
1036672
1463164
1226115
1886
1422616
1397924
1409605
385968
621456
1422758
1296536
577470
1418438
1127699
1120937
693444
1310905
1354128
448
1054957
1001729
1909294
386892
1422039
1158509
1397528
360111
2364881
1296536
2083052
1737063
1169390
1432052
1158670
1120958
2170744
1121476
176280
1415657
1388090
299767
1409734
568102
1281123
1295141
1409590
520999
1848188
1229488
1940636
1127353
1005941
1203544
468058
1185695
1898676
994573
1339294
225992
1453990
469588
56055
1283290
2048252
478004
1169366
2108535
943936
1444277
2044457
1449981
1114874
1136135
1255658
1100724
1448526
91890
436516
2086585
1410812
332411
200452
69373
2493091
985002
1151180
1422183
527001
2584616
2049453
990373
1981880
2518372
2038394
518766
1412626
1082276
554290
2268087
1239881
1232683
470868
1621989
1444106
2610891
585397
80854
2562682
2576409
1176489
2561897
304268
1121291
2135661
940136
376620
1828052
1898204
1345532
1444065
1225782
2183981
2116544
1229493
1565146
1280959
472582
715784
1421551
2077273
1118235
237019
656390
148942
1198681
43057
1168035
2478958
1911136
180441
2496678
1447536
1096868
2053591
66373
568701
1752066
1296536
1382456
1074120
2527775
931459
1159554
1105104
458
1072463
1265663
1422805
2419773
1440762
1576605
1410895
94626
354243
1296536
2080522
2033481
436516
279808
554083
1834146
59561
643214
1463164
35754
1229758
488731
2490952
1422515
42253
1422721
1423717
525381
1448850
576456
1003238
913108
1522757
57741
1924285
376620
136468
1422529
1413506
57706
1408429
1410936
1121121
1328380
1185650
2137880
1123268
1933880
1438844
1891708
1463164
1219071
1421876
2493665
2072590
415015
1402755
1398014
2562792
1438991
1796635
1881069
1315150
1402643
1840084
1185650
2073169
128936
1661040
1218078
768490
1388646
1123373
1310852
1909294
1446507
936572
67297
1736591
871541
1400807
470868
1388468
1639133
2707003
1768784
1736290
326476
1436056
571255
85569
1388315
1244142
2116502
1438849
1448471
314270
1890302
2077273
2293254
2594269
1405296
85569
2019568
1163398
1388586
1411555
1111137
85569
1387186
1855298
2509341
1402528
72361
1417198
1173955
1465635
1185650
1412453
2026188
2487274
1849383
1402601
2563932
1001987
1339310
517719
1834144
36875
1334047
992154
1385942
2292921
83167
1002870
1182667
206506
1422483
2564099
1400161
273384
1151411
279058
1158153
564066
2591080
2293222
1212557
575611
1268982
411470
648794
371142
335284
1408477
1281110
2056433
1121871
1235458
1071781
1890302
1007511
216599
254
1185650
637386
1712028
2233534
1407647
387659
667121
1154966
497738
1353530
2026193
483687
1281125
1215108
1469170
1454585
709876
104087
882863
540906
1890302
1185650
1891097
1176165
85569
1328419
1027633
1105281
1715096
1236966
1418413
1850366
2483799
1105114
1444138
1150591
1194971
1739502
875329
1739550
1151394
1448698
1421998
1422385
2589939
1266716
1945885
1446607
627495
743967
497725
1316586
1242090
2067813
1196349
1121308
1328385
926692
1739269
1125697
83263
1438867
1870820
451754
2487017
1358420
515499
2083055
862114
1538159
1422175
229205
1185681
1795827
47763
1144885
638269
178901
2508168
1185650
1046599
2033495
2082622
131109
1421922
312168
1412623
420890
701042
2484968
249352
1652100
1310838
2320271
2035211
1160739
568899
1247738
2570353
155919
1715175
1273686
1185650
755950
1578165
1607738
1082931
863369
1761772
1336208
2126992
1071762
1908520
621372
702436
1422641
2547970
1440771
237258
1392850
314271
1123016
760838
1432052
1682741
1120705
1834152
451
93973
1422670
1399419
251654
1428417
1909294
1339293
2527985
670307
224729
2528630
1295764
187868
1909294
1301088
1185650
1185650
86102
2058152
1909294
985002
2292012
1446540
1437003
85569
1909294
85569
1434180
1154805
868201
1873126
1798193
1516074
1121927
1158183
1388293
655811
1394636
2501299
199709
1903593
1227945
2512163
272943
1850093
1909294
234621
1661041
1203554
325777
29379
1661058
2293018
1708790
1136135
91822
1388627
1982042
1463938
1891920
2127050
765698
2292979
1906854
1203624
1050190
1581098
1144332
1909294
765118
1448823
1715137
1074126
1446565
2293024
1185650
876283
1123305
868142
941280
1736334
1435055
1053236
1609272
2480983
2603892
944492
1402473
1310975
1679721
1388625
1182676
1945884
1342794
2053011
1387986
315730
2580515
1215061
637679
1909294
718220
1196170
1422007
1354136
1388110
1736236
1434147
2495899
1280987
1154924
2316730
68231
1909294
1266720
200904
925130
186103
164
1895595
2448031
1933035
1909294
1202724
1439229
1723761
1349788
2135721
2559612
148942
502025
2609136
2496689
702447
1302427
2219558
1112246
58101
1005491
2493674
1566250
1422526
264202
1455290
1423478
1448662
1448498
1406840
1333579
1582224
72026
1250050
2033802
2570227
1453587
405671
1150398
361277
2058892
1079753
1169211
519452
1408467
1208627
178340
1351792
1422717
111781
1906739
1157445
1393732
2594476
407036
1409462
1864825
1172562
1144304
755867
1403894
2563100
2569762
375175
2559610
1126902
1212578
2029117
1965019
2077274
2292324
1413581
2489213
1409531
1413570
66428
2164062
1463164
206672
1116017
1333586
1909294
1422026
331869
1123003
1410740
1405499
1108045
1351801
1194422
585153
2014872
261164
1290773
1433144
1307759
745311
925769
838561
1503054
1421017
306263
1460637
402171
1890302
692418
324855
1892843
1392085
1094466
2500529
1246120
1909294
1122124
2563107
1311010
1159491
2011017
2529839
1444087
375574
1311138
1328379
1072685
1310764
992084
1075402
991924
889240
80852
1333569
1391473
203275
1218355
1120797
1912876
1281026
260680
1049935
81036
1169675
647720
1806476
2005388
1185650
1264899
1908236
111806
75588
1243616
1434150
584787
411903
170187
1909294
385966
46256
1144333
1316588
1912871
1111760
1343075
1219023
2045302
74704
2781243
208224
182838
1497
2320098
1444049
360105
2202827
1408287
422271
319942
1216979
1972068
1183425
1400169
1715030
1281101
1315167
1179778
1134832
990282
1446656
1842495
1848329
515393
1834140
1428415
1160185
1503054
1156937
1451233
1123513
1418412
2022527
1444226
1122605
1522310
2292353
2606936
1335303
2341113
205921
1413547
2069255
1768745
304767
1313294
2024405
2282420
1399796
637390
1345541
67351
1423511
992031
1417156
451644
1435997
395933
1273103
1448710
1150423
1446614
2292044
1909294
1310787
1463824
412614
2058289
180893
108003
1422136
1736561
2448030
2529380
1315162
45070
2583810
1259254
1331232
1124626
881260
1822218
2500159
1345593
1522315
996848
1446533
212667
1851148
1231624
1909294
1284809
883062
1200984
1912100
1422332
1426844
2602574
1434151
351679
1328868
1776288
59813
1409420
1232426
1503054
985762
92403
1107544
1909294
1653434
1409928
1770545
1116060
293958
76861
212667
243061
562970
1165868
1909294
1120943
511487
2509240
1435038
1503055
1089549
1422257
1348774
536441
1503054
1890302
402229
913107
734
505341
1463164
1422244
2602768
1410660
1227076
1075091
1120954
1118054
763921
1324290
379893
1834077
1866312
1855322
2056226
1321816
1228987
2033515
1310720
1167007
198620
2080547
1388714
1280994
1150476
1870820
1293909
1505596
1907941
395494
58346
1977277
255045
2039338
1293
996285
57706
1154857
118613
1310785
1983802
411462
2608387
1805475
1395107
1890302
1909294
28898
1202451
1273276
1408926
1055532
1439169
1120923
2316717
2056869
29384
1281116
2283317
2050894
1909294
2080660
316056
887290
1402861
2340
991978
1715036
2048283
1909294
1166017
1853278
1386089
1739291
149387
2293000
2496749
421767
1388574
1401065
411684
1848685
1196184
2293035
760880
1412769
198483
1423717
2293862
2173853
1115810
1321821
2004647
2039166
1151304
1422179
67774
1128179
1522316
1185650
505317
1449355
1759065
1392023
1392491
2651334
1185650
1311103
83378
1235815
85569
929506
1049962
883094
1736468
33888
1006598
1224924
528244
453
1981692
1448560
332186
869686
888814
391619
1985873
1898207
585203
1179743
1151113
1436885
1408838
1005527
1304921
492476
1739447
1127691
1889241
1871011
1581034
1715217
1311774
1839767
282458
1395118
2614638
1504
148942
1848292
1079988
1331266
1078483
1336742
1158644
1973490
438744
1427371
1078035
1402518
1454584
227084
1381559
521004
1311082
270921
765105
332950
1388151
2013869
1392029
585528
768713
2604941
1310579
1329365
222805
1440022
583355
1223547
1438684
2502210
1870991
1523417
871571
2484962
556055
1506587
1194669
1909294
2496754
1446754
1827627
412022
1354155
1002339
2572678
944559
1444101
2447885
864828
1295740
2201272
2499164
1412821
235272
1215085
1388223
1217631
1287476
2066479
88274
707186
1736417
2026189
2026187
471876
2172049
407035
2009153
1398953
520762
537971
1421946
1719036
1351776
72557
1394702
1422076
223926
1500301
1122953
2055940
399739
2023191
1630166
1756149
57704
1262650
1394565
375674
1777270
1409597
1116059
1670661
136468
2202203
2558362
1909294
2485925
1849032
1581055
1116111
1439847
1398977
2038139
883812
219574
1409390
1909294
1049802
1203550
1281264
1151173
1772284
1074179
1588754
1418320
551989
1406821
1353264
2652722
658089
1261129
1367481
2161748
2340
1736423
1736314
1855335
686578
2009179
99907
1455292
1447509
1112216
148942
575584
32052
2593020
1379909
2015344
648995
1115632
321267
411959
754332
293958
1218111
1198291
2530380
1398021
1116182
1185650
1658672
143223
709876
391290
1409947
1354121
1409511
505353
2093877
1027249
2491048
1296536
1410647
1198114
1850374
2528202
1321945
1200792
1739326
1852041
53407
1848189
1398032
180880
29480
1128332
1090946
553594
1359162
2478956
1122248
170994
441165
904723
1281008
1300165
1071764
1165947
401470
1427251
1243595
1388696
2608255
1168591
123822
1936029
1306519
1185650
1884468
1287654
2023198
1032066
2485925
1940
1265628
487514
501010
301102
2109329
1463164
146897
204089
1903686
1279008
1235460
1422181
1739355
2340
997885
1978490
1158689
1409522
1185650
2026760
941280
904739
766729
2316076
1886
52689
1970738
1855327
1409458
1159036
388384
1909294
538381
81036
1388170
981327
1458922
97137
725
1030003
938405
1476195
385966
2056855
2012679
224729
2572245
1168286
1501269
1739366
1310666
2292217
872983
991995
1435986
911238
1402515
85569
1908524
2306993
2293135
2666298
2204145
698758
74704
40754
2014885
1311071
1401688
1410747
2340
2340
1154933
169283
1413577
2478915
386894
1388085
1114943
2233644
1856638
299767
933063
1640685
486408
1434259
1160162
360184
864577
1297860
999440
1144553
1736567
1981718
76760
755971
390874
1182715
1686387
1834178
1441732
1293910
2572917
1411575
1073571
2082950
1246955
2606615
2025876
361277
285676
1185650
148942
1261637
857105
558541
2651867
1073196
1079060
2292247
1736253
453362
1834193
991993
219574
1965665
1084233
1736
1196353
1410813
2135499
1054041
1392057
1033737
1393724
1391483
1144335
1519496
1423473
1267768
1072374
1412576
1608877
1226334
1158529
1299173
1267362
885380
596328
590652
933280
1151241
457391
2582917
2494701
1768776
1052212
2479200
1122148
1281885
2058299
2584608
2080571
1328345
1898203
1324851
1238206
2080500
1123256
1615674
985002
1765052
2026240
1185876
1422467
1259201
121616
1458261
543632
2487742
266940
1805478
2292313
1316803
1566026
1114970
1157036
2041840
1329832
1588031
1715081
754255
2293229
1243617
891974
1288313
333368
2029117
1304923
1909294
1121310
866768
37921
1736598
1224147
76869
1434135
1185650
649747
868180
1235863
2135673
1388401
1112254
1095656
1629062
2589937
992087
208224
1422309
575788
1268986
1938558
1522762
1214153
2496871
1503054
1192776
317664
2316735
290109
1581029
2049045
1045004
1005554
1402566
85569
1423420
307486
511680
246196
1049908
1328373
1208188
1287270
993073
1446792
474186
1260356
1822265
1388702
456163
1116032
1577896
200452
1351782
1427517
2505970
1402771
1154798
2593070
1739476
1795630
1158668
598652
1293035
286604
1434932
1871030
1154867
1422513
148942
1764277
2100821
2484943
1346710
2608406
995034
1169671
1208918
1288493
985002
1173453
1523427
1193047
1981699
2490949
1158473
754502
2094024
525283
273384
1397930
1841656
1136428
1399790
1403917
1122176
1925021
904291
1294265
1169316
1543706
1739427
1293904
1538294
1185650
471858
471874
1054965
1834080
1115827
2291022
115545
1267002
1310888
33935
148942
1318628
1567106
1855661
1409629
863227
930777
1157444
92487
1185650
1855347
102616
1736331
2042029
1412713
94138
1703923
1759076
1311041
1296536
1402570
1447523
436516
1904966
1185650
2014876
1300223
270918
1412637
37921
525310
1040982
1438890
637910
1219383
416943
83964
2011094
1421831
487797
1265488
1121430
1308982
59561
285514
1388190
1909294
1761910
936550
1958944
1329821
1770210
2302926
1499683
1157422
1715112
1227549
1185650
2489216
2054596
687388
1886
1196095
1402800
2116701
2083009
720556
553581
1391484
1296536
1409738
319706
2026760
1410894
1121935
1881048
1185650
1261632
318456
361100
1234128
281689
656429
1686377
1392501
1423790
1873484
1333588
2653932
1305788
1244090
1124920
