tax_id
191390
1107311
469588
1365966
2293120
1907399
2153358
146820
1388611
1739449
1412630
1158466
593905
401473
1259183
1938860
1265819
240302
53410
1412765
1262350
221126
2038371
1311045
1090946
1454645
1310731
996809
29429
576784
1739414
1345586
299766
148942
558173
1388740
1909294
1503054
382641
1348429
1463879
2493111
1413420
1144303
1643920
437900
2268090
407020
1137255
1138934
1284827
1185650
217204
155864
469616
500153
92743
2527978
1293914
2072847
2053287
2479545
2026187
1157343
1519498
2486001
1649184
1566202
92647
1388150
1460428
1412792
1302631
880071
1423488
637679
1030009
1427503
559628
1154845
1386969
1448433
1169404
1033730
292913
546271
1581557
2506422
760825
1612624
1423821
2048550
266748
2597344
1702221
1265656
1776388
1415606
1352574
760748
390333
652
2360
2340916
1333859
1155776
2022506
1439123
28898
1324321
67332
57043
591023
2320100
1438712
67344
1422617
2292899
1310863
1890302
1423496
2077274
1151319
1121468
47863
695560
2292068
1161421
1736316
2053669
1095736
1331239
1049766
114527
940232
538966
445983
1793721
1423737
1448815
450367
262667
1388254
1169185
1115819
491205
1160181
1421878
991967
1151337
470931
2135464
2490495
2293568
2605434
2603890
1458357
69395
1123365
1074158
1992
1645681
1112211
1185650
1972846
2072411
1477000
148942
999419
1185650
2293059
2070580
1513896
543615
2292232
1715692
1214170
1402498
2591848
1388064
1909294
604330
760787
633813
1004901
1881063
1402609
1196095
1157007
2059726
1291340
2478711
652764
260367
1386083
1162668
1126933
1412702
1280681
226900
1345522
405535
273384
1663685
1163393
1206102
2072405
1293
1911136
1402751
2035248
61150
2070539
888807
1324281
2108528
1903591
1256226
1417202
1293
1388453
1240696
1798190
1849359
1173028
1421942
979218
1422633
2049045
474952
889251
1198308
1413538
1380394
1981692
1281147
1243600
2306972
1739473
936599
1198678
1040979
749532
756272
2485925
401976
1183428
1068616
2135611
2587855
46678
1500506
2202829
1073423
1107880
1667327
1911137
2653857
1855329
2478958
1142394
1402531
1157356
508461
1422620
1077255
439184
2589900
1206780
868182
905067
1151368
1409419
1545694
1310924
653386
1507808
1100844
2292910
1157487
345309
1435987
553470
2093897
2479839
85569
1415170
225843
299766
1206742
1881044
2302941
1116217
128104
1120989
1075090
1888893
1909294
1185650
562017
985002
1220571
1587522
1151126
1214212
1151247
468556
1385721
1138384
2587850
754345
1898204
1185650
2071684
1519205
360099
1422328
1388290
1736562
882095
1905700
28083
1416758
1903291
1463164
1112267
39687
745365
1985878
2293251
2080419
910939
1422047
1848190
1273135
1909294
2066519
593275
187868
1185650
1261624
29344
1592328
1440015
1898680
1105115
1736564
290512
1878935
2293328
760833
1225201
1121362
1151419
1448678
1909294
2201324
756499
1388068
271156
1909294
1121293
1502852
1310840
1311020
1981697
1306401
1324296
1402213
2498452
2054186
1296536
1165942
2024477
1415544
1116121
910954
2615184
2029685
2320098
2033514
272129
2591082
1388279
755891
1408919
1881031
1310720
981324
416943
1236543
1394692
1345527
1231931
1933029
85569
1898678
1196095
569857
1354263
1134509
1185650
2589816
1909294
60442
582744
1358004
1452535
2038389
1185650
675521
1410669
2419772
2593020
1447441
2511170
1346776
1463843
1506588
1005442
1399968
2066521
1266717
1892844
749490
1917883
1639034
1422212
997334
2302972
1855322
1241583
347256
2589920
540747
1413592
1261031
914144
1268237
443150
1890302
1736699
1658
2490953
394096
760884
361100
1111676
332411
1188261
1114966
531814
1408455
1050193
2485104
1196095
1422256
1909294
713612
882875
140892
376619
218158
1136176
1834149
1286345
1441609
2654982
1130829
1938796
1909294
1849041
1423816
476210
1449343
1324931
1073985
2583453
1298596
1185650
246196
1303770
1736243
1388505
1963026
1566250
1094479
559301
1422554
68203
1134474
1849968
102862
1185650
1333852
1311075
1448754
1408838
1400874
1403907
1258546
2605988
1930273
1189611
2183912
1422515
1920120
1310597
997339
2073157
1388571
1238215
586733
235275
1409747
2528211
1388324
1427272
190721
1002340
1078001
1884377
1181739
1392838
1388109
2137763
1159204
1299167
707187
1343737
1193292
1506586
1898207
1208662
235277
2022481
148942
1002366
1703928
1422283
1237149
1105109
2302970
2584561
1247649
1118054
80852
2572890
2585141
2293836
1388065
2014537
1638985
1909294
1427249
1909294
913068
1435464
1427241
1516159
2487133
1078483
1759399
2294117
1581034
2058332
1128111
647227
1281262
1185690
1448660
104098
1267364
644282
887326
1122238
39691
2603274
70611
712466
1158498
1215102
1404261
1185650
1208324
1123350
1872678
2478537
2512151
1281080
586733
43306
1454008
491915
85569
2109688
1500267
1053206
2420304
1448814
1151181
1281234
1185650
414996
1225783
1183421
1169204
313589
354243
1803916
1135990
314236
1244141
1409547
649761
876478
31967
273032
1657
1158708
1908266
213224
2016499
1181746
1284
331869
755910
644897
1632864
29539
156205
517417
903933
1412653
2292205
1185650
1242689
1265846
1273270
1417179
1116027
1938606
561061
1382304
1172202
1035190
106370
1761899
2034282
1834516
1302251
1101195
1454587
1328359
888433
224308
1196095
1437876
1439264
649724
1907414
1909294
1173840
2066054
76636
716817
1715183
1768781
1446643
2015315
431947
692370
754505
1331208
106370
2496119
43064
1333846
755867
1283331
2058152
796606
1295802
2577863
992012
1315171
1461260
2028576
1219041
1157397
931456
1049945
2213200
379893
1855662
1000590
2509455
862969
1566221
935840
2032577
172045
1739477
1388686
2913614
2018066
132476
1872711
180843
595460
1182721
1422166
1422190
78535
171280
1455592
1681828
1123521
1296536
1137651
2928639
725
1909294
224729
1870820
1614
2511203
1260364
2025014
1454598
1339230
1520811
2505970
2559920
930152
2609134
1605895
889233
85569
1446748
299766
1622071
1403892
1316930
702437
395598
1784714
991956
1051352
1343079
1398058
1392488
1892904
1909294
1124914
1457031
2485170
2183902
1909294
1223503
2589929
1434199
1739325
1422534
1415762
579490
1413546
1736396
1388255
1173584
1891708
1422216
1334078
1207543
1183380
1310680
744985
192956
1388401
1561004
1001714
1532023
1768741
1333583
1394689
910413
1286362
1675530
2583584
337005
1397284
488732
926028
1409464
1909294
149388
1422194
733
1522310
1226322
1051653
290398
1248232
511487
1267000
1400798
1438777
1145134
1280959
1417185
1341711
1444095
1909294
1009856
1388471
1446558
2499145
991976
214092
1397901
2293013
1121086
1196095
1439147
1255613
1185650
1640674
2497436
2014529
2183911
927677
403935
1123284
2045301
1428435
1157381
1287066
1392092
1503054
1185843
2058305
1120924
1161743
2594454
710127
2052592
1909294
1185650
189426
1438693
272773
1311126
558152
2126741
1412707
1412505
2587851
1310836
1410727
148942
2604835
119981
1185650
358771
1417029
1242106
1761807
1354193
565645
148942
1091046
1736338
1476462
1105029
993070
1388100
2019431
1759074
228973
1331199
505249
2045445
1409405
985008
1417209
1182169
1137263
1499973
1219049
1005503
1124949
1715074
1448643
1029818
1388102
709991
444444
2496696
1315166
1448137
221109
1735673
441952
1398974
1413354
1514668
573825
520448
1736219
2292338
1217653
1651082
2292982
226506
1434134
1423783
1552750
1288786
1380359
1423778
2496754
1194402
1116158
1403874
670892
2024899
459526
391603
1397880
1497681
291190
338969
1293913
1435372
985002
1311016
1923970
1185650
148942
114517
1121866
1331258
1261127
1169320
1184151
742013
1427518
1280683
588857
866778
1909294
55209
44577
1566223
1438684
1967992
2610895
1115816
1451266
1922221
1353976
1410781
796943
1121346
1400929
2558279
1909294
754093
985002
148942
531312
1265613
1321367
2217825
1345549
85569
1402611
237609
2008380
1541440
696369
86102
1844099
2651869
486410
122586
985002
1647556
1123059
1462615
1335613
2126555
1397859
1909294
1132496
1122990
888741
2293028
755930
1181755
1122930
1249472
1562701
2568653
700597
1123263
491952
2316722
1221307
1037377
2135633
1244083
1347342
1293439
2487274
1071758
1280964
1042378
1417011
1909294
1967646
552546
1310750
2184552
1305779
795642
1834116
1446571
1145193
2491045
1705
1581125
1761891
267135
1412502
318456
1826671
1448622
873513
864702
2048291
1328433
1151357
1735671
585535
1281024
2587868
2135718
237306
1235796
1219626
1909294
1095679
1422368
1413496
1409788
2175667
457400
1397999
868152
1144548
243924
2080565
2292362
483545
1275
1159049
1856406
1444218
69220
936140
940231
2267231
2292333
991977
1161392
1962403
1807358
1005467
1182181
2135698
110505
360316
2608008
1853130
1962639
56464
2571271
176090
1485225
1412490
1204385
414771
713059
2014537
46127
1909294
1388664
290317
315750
1909294
877422
1886
1909294
1938859
1108595
280477
1207504
1231382
2609139
1238432
1422377
1736597
935948
1945643
1192023
1398072
528347
29422
2589902
1263832
1210088
1195760
2302974
1834134
1267360
1617025
1712
1835721
1178778
1352527
1646377
1388265
1296536
1403339
1005450
1323697
364030
2171979
1940789
2528020
1581149
2497945
1388759
1238196
1388191
372781
1402798
1422180
755915
1448853
630588
1736364
1116046
247639
1761760
2495592
1249663
170679
70611
1218087
1349779
1346782
2026255
2048670
1198133
1545044
1169219
1736385
1775910
1160091
760822
1409582
1920667
229921
992183
1909294
1235456
297352
933269
1265503
1402787
2496728
312285
2015353
1352530
1009714
1418248
1185650
2485925
1850565
1151276
1296536
416568
2490950
1223565
1173024
1268303
1055806
512562
172713
1455308
1504
332186
112903
2162708
1112214
1909294
509192
300019
134676
1423891
1355529
2584588
1715103
2591090
1303256
1664
2594456
1154908
1050190
1256198
1739380
794903
86106
512767
1448639
2202420
2594437
1388721
1005540
551459
1329836
1282356
148942
103808
1841855
2066052
1422381
375175
2080575
2070563
1161919
1785128
1684141
115545
697329
2293086
1078089
1736339
2562153
1909294
1439158
2018042
1074074
1123376
37929
136468
1185650
426430
1417193
1096756
272774
1909294
1336242
1123863
1388481
2069357
1276652
1111071
991968
1412837
1284833
540747
1185650
192088
1310985
1621700
2115978
1354126
1422405
2093866
2025606
1181733
627495
1446611
189426
1412504
2595054
302409
384602
1434164
511995
1816695
1909294
69373
1422741
1001603
887291
1144330
1054958
1903590
1422182
242163
46127
2135769
2133
1603887
2593655
1703945
2292209
1185650
2019671
1412829
1965550
1196095
457391
1412697
1438770
1422371
1172565
560556
1335621
208224
405416
1295776
2267619
312153
1172565
2509010
1761763
1226660
2293107
1850361
926549
1946
1185650
1920121
2135623
1336241
82991
2293127
1444770
883162
1909294
1148509
1890302
1438856
1617283
1448548
1761769
1446686
1001596
1068614
1935181
334413
2135748
1150474
1446513
1137129
1868623
1381097
1385515
54914
1448744
1457184
1409781
1448745
1287258
1417015
1220565
1219015
1447530
1898739
575584
471871
2048257
593905
1997
66429
421531
2218606
1469144
1967599
879566
327575
2315334
1463164
2547244
1423436
2480798
2578114
1447544
2135750
1413500
2293191
2014005
1827606
1089551
649754
2022660
760793
1391470
260678
593905
1963027
891423
1388551
1837342
981327
1185650
2545719
273384
1500302
48464
1272
663603
1069616
763057
85569
1834093
198620
350688
1310604
2026240
2021690
1422694
1981054
1412597
1151201
1397879
1310809
2498135
1581098
1920650
1296536
2005456
1151286
1463164
362413
1232575
1182708
2024224
84588
517719
1321821
1418434
1408457
2316080
1158540
697329
2302962
1154926
2038110
2528021
2485000
255470
1441923
1122620
2589890
53417
2304605
2306998
298386
1354142
1709
873447
1422728
1581038
936563
1326968
1388562
1739516
569860
2292261
610130
2499834
686800
2040654
1441732
1410658
2292967
1388016
1417034
881260
1428425
93218
1185650
1438719
1385944
1398062
1341692
1120956
911243
1332264
2589904
255451
46127
2039343
76758
195248
426757
997884
1256223
148942
1053215
1354101
1281099
1581106
1160206
1608867
883165
1410718
1933909
1207470
85569
1310115
1979528
1151282
2496842
1884669
1889262
2292953
865867
300019
1158692
1231352
1076523
1173453
1394179
1348062
981222
684063
1315163
2565925
2560027
991982
1422434
1422643
2018041
1310858
1796646
2048246
1667327
1412636
1422167
2067960
2563966
1315180
868161
136857
1982756
1345700
1185650
344601
85569
1196028
1331285
1981708
236814
318456
913240
29433
1388670
85569
436114
1516104
1448750
1392836
1909294
426756
506480
1101193
1221296
1895635
1736224
1232672
335543
1463910
1440033
1655435
1185650
526227
132264
585
1123373
1158655
1840087
1703967
1801619
1185412
1739250
913325
1072597
888811
2567937
1674310
1345578
1175632
1769423
1448747
349521
857290
481146
1210450
1909294
1247648
999549
1227349
1388427
1126891
1970738
1446540
136468
1261131
768700
2609156
1185650
2608006
1204471
537012
85569
1785161
148942
713559
1739281
1394615
1217688
156205
1210046
1339307
1088883
1295766
1413422
1354676
1157455
2419842
1394575
1848596
331678
1715254
1265491
1121912
1337887
1402548
1072593
2559605
2582849
1462525
1444196
1422084
1185650
570446
148942
57706
1281167
1402764
1078091
1412585
1120921
1409583
1903179
1444099
698827
85569
1729726
1796613
1185650
2603289
2011013
1421857
1768762
1089545
270918
2292052
1408264
2292275
1120797
2490854
288705
562959
1809061
1608882
1049926
545261
941187
2593646
582702
1388297
1310787
52441
1544
1211115
2302964
1121930
1398005
2070581
1149134
1157456
1279015
673862
1358019
251723
1232454
28028
1169311
2597701
1128957
760780
2135653
1973494
1121472
1213358
1938794
469618
880073
484020
754504
149387
1348114
1124941
1145143
1191460
1236977
1291234
1761808
172901
29340
1759075
1896206
1402700
1965580
1532906
1126895
1296536
1166073
1909294
1365661
1306417
1302685
2108538
1909294
360921
238540
2594432
1872678
1519438
1844107
124798
1053171
2014525
1214195
1434172
1182711
324925
51048
940282
1423546
904746
1185650
1281065
2022548
932677
2587156
1219076
1463826
29559
1119528
1347913
1463837
1422540
765076
1409551
1246484
2512136
146922
1691903
516051
1933220
54007
1105264
1965558
2137016
573566
1305841
2211145
1447261
904774
1181735
1120925
1225197
1805472
1412635
1458930
1911136
1118959
1402725
1422195
1340851
1444315
369942
299766
1871015
405770
887309
929713
1856859
1909294
2248759
1905289
1438672
1806670
445972
1739549
1410793
1185650
992080
1136163
1736444
149390
1417230
1417216
1122124
148942
1904970
2653219
2293321
1358026
1261129
1185650
1299998
1423466
2485191
2249354
2126740
411473
85569
1855400
417400
2497878
260680
1310982
2518370
2562668
1909294
1214179
1123362
1280982
1906745
2116706
755925
2585018
2048258
2593957
1444107
1225194
985665
1158604
2320269
483913
1637869
1185650
1448694
1296
2502784
1909294
229920
930769
1158526
472834
2565926
1352519
1226327
2292974
1742358
935558
404407
1388483
857112
2486855
1397894
1736356
1225187
2164099
1158618
1974319
52767
1890302
1397666
656408
1353977
1384060
1296
1632865
132266
2203210
1739355
1238217
405955
1178515
361277
1451
1212765
1185650
553596
1398041
1116138
2292704
463191
1566287
2292966
2006115
2419515
718224
1134834
1394641
1292039
1775430
1411525
1409658
1412764
2033511
2050966
996848
1855823
38502
1608910
185642
1259797
1736365
354630
1739382
688246
77608
1438826
1087481
1410717
1001707
1136162
1151210
2060067
148942
52693
1296536
2048776
1492738
1381116
1776083
1434159
1945865
1813019
1418303
1503054
1185650
2023178
1955714
1448529
2593544
2033515
1422249
1121398
1122177
1260918
2586635
1553431
1909294
679197
1461693
301102
1421970
1089443
1340436
889234
2584572
2011094
1188247
395933
1890302
2583849
720
1276257
1881047
2509004
1054862
1121394
1281248
1562720
412689
1581067
406557
1314750
360105
930804
1144665
314280
1422176
708126
1241982
1121360
564422
1446521
148942
1448726
1895611
545121
1395587
314264
1160226
1449978
1634516
749962
449441
1931232
360116
1121107
1203605
930124
1415166
1504709
382514
136468
1938843
1145110
215173
2485171
936581
1397906
2653932
1281219
1076588
1325564
1217690
1410644
1126888
1410872
1343740
1402773
2479852
1250153
1268994
1412746
1410806
1272
1410753
745022
299767
1423556
1380370
2485126
1185650
1122169
154981
378794
1909294
1766719
1050190
1081892
2268029
56955
904315
663708
1904969
2293236
148942
1759557
1581054
981325
576117
1122237
2512174
1833852
2502223
1072256
755859
2184002
391905
67256
300267
1410823
1291207
1422445
1411562
1798228
714549
1739441
661
1895628
1416779
1158631
1422648
80881
187982
1348585
1158676
1421930
2135459
1899321
1909294
307119
1412569
2603858
1120568
1380388
266749
465515
868173
1413362
2093878
1120652
161358
1248916
1333704
1388248
260554
272123
174633
1380357
762983
1909294
224326
2575513
1212581
1388475
310780
180865
2486014
29522
92644
1422050
474960
260742
1160230
796379
28894
1185650
1513890
1909294
1547597
1448493
216
1402480
2423
2485925
2202254
1224749
80852
992078
1508404
1679494
1892404
528357
2293222
1074080
226910
1310977
1187065
2608392
86660
2493676
1736397
1125411
386656
1432550
985002
2572895
1909294
1218177
1917170
1448397
1402512
904745
1185699
1909294
251653
2485925
1145177
1736267
1458307
1535536
338966
2497749
1909294
716914
1116191
1198245
914148
2283433
2184567
2293010
1134831
658630
2016499
224729
1185650
485447
1410811
200450
2589891
2070678
70346
765116
381751
2014878
466
1909294
2500526
136468
1069628
1982602
2202894
1328401
487892
1423457
89061
999433
449673
2293862
2135715
1967621
1418291
289003
1310897
709876
1572659
1409596
1114924
1890302
2479858
2484903
1898203
148942
1399789
1672749
2049047
1313067
1220554
1403854
160799
2029117
148942
627495
2250580
1159488
627343
1739454
1388445
1351785
1226754
584721
1940636
398053
1185686
1328424
1885919
1439831
617147
1566178
2484961
1403852
1138916
1484
1822254
1403895
484022
1422402
1158684
251700
1185650
1413441
998087
34062
1004952
1086030
2606905
1174504
1298860
1137989
933085
1446597
1739538
2099789
1187956
2293029
1852381
1160717
1121275
87172
406432
1983805
1311101
1448673
1280668
1122936
881260
1739351
1169169
1427323
1965665
2486017
404875
375175
2614125
1158704
1250232
1398991
2014742
2100821
2320104
1122962
470932
756828
1422329
1185650
1945509
1221264
1772282
1813019
1616788
1265633
1428421
1249525
1930071
684719
1667223
1398493
2039808
1315140
1637860
761194
1235786
358771
1402502
29489
1439015
460384
1438677
1225651
1906739
871959
1160216
1463890
1566199
1282358
2584565
1122918
1220587
1277602
1421914
2044457
2614638
189426
1335322
1422092
682797
1409740
1422623
1577904
2058152
1412673
1388192
1116055
1265678
85569
447
1397890
446860
1938738
1410825
40543
935262
244582
1005400
866913
903920
303380
1001732
1417079
539813
1907941
869681
1395572
85569
2003592
1203625
222805
1302625
2164062
1777139
1736454
984248
1436059
1158689
1425335
1005478
1074083
114404
1333998
395937
1435995
1388494
1581076
57706
1392870
593589
1321940
1145149
1410670
1965615
2486419
1855377
1394635
878320
2594913
1855727
1618204
592021
180868
1185650
889378
1268987
981329
85569
2502254
1400879
1412593
1413330
170623
1754012
208224
1670800
712357
1150468
1090929
2961896
1422022
373994
1125630
1400867
81409
2593021
1196349
2520508
1715167
2483401
935841
1417192
29559
585151
1428423
2066479
2175635
2048547
128944
1909294
1394636
1444043
2066524
745156
95614
1242968
1339224
58340
1409777
1224145
1310609
1045854
1397530
1218079
1085548
2249742
1550033
2023152
1503054
1447782
1005527
857128
1229486
1855380
217203
261164
1401079
2292074
163877
1126929
2070614
1455273
2653216
1495638
1765219
1440013
1739468
1031537
907266
1455284
1418310
225364
930946
2135747
985002
1036743
1295763
1448626
1440028
1884359
301302
1439190
1273429
1247402
755
2587863
1500549
2547394
180852
1909
72026
2025808
568817
1114970
1792290
388950
1294
1417026
1235454
1006551
2498109
667120
1004785
1256230
1346768
1877
1422809
1581075
1856563
1914300
69368
141451
1182182
285676
93218
1182185
1367484
53443
267870
2135741
1421908
1590041
1667172
1257080
2530339
634765
560555
224999
211146
1985301
1798182
1661058
1408184
1283285
694427
2563910
279113
1328445
1310885
1539298
148942
1427178
1438714
1881017
991961
2093894
913240
1388061
1182677
1439284
1446644
980584
1274814
1349786
1116151
2011009
1703941
1126901
656374
1938830
1650571
1397933
649760
2013866
2057743
2512237
765084
1229152
227316
536979
1970738
1265484
1157354
1261556
463301
481743
1397938
1418318
1286148
1281179
2184574
296218
568098
1714860
1909294
670291
1173422
2015359
2135664
1739264
1827603
1739309
1458425
1743146
745020
1354175
1447781
2608041
1422464
1286354
1123384
2487723
1413393
1644118
1305594
868153
1412652
1185650
553206
93221
1422103
255045
1401078
96242
1399029
1105032
2583238
2488639
1408862
1336805
1388422
1151215
370553
2589964
1265674
703342
361277
1534743
1268240
1408877
1418313
1394623
1422313
1678677
2541726
1337385
2170745
1848047
1664069
1581083
996558
1402568
755889
1417210
1122261
1715108
1219074
1134835
1175295
1397922
148942
2291998
2419601
506534
1185650
1985343
2200892
2070760
549789
1281068
1310774
136273
1388661
1157454
169402
1403843
411490
1217655
1903177
49897
1121859
285676
1418368
1157372
2042041
596322
1288785
1185650
149387
1081891
85569
2161747
271865
1324960
1390395
1422751
1523156
479432
1310657
1030001
991947
1917887
2077274
2497875
1388353
2586641
1907401
1444170
1280957
1079469
1167634
1514105
1890373
2054913
85569
1581680
1455311
1447258
1232203
1801623
1196353
1399795
1331230
1123055
992147
1157708
1400875
557760
1981729
272560
1423552
1500275
2599640
925818
583346
208435
271881
745277
116085
1410691
2058291
