tax_id
445984
649755
1388157
2485171
1398033
1391627
102129
1005406
529704
2080534
257310
1438678
1169666
2608632
1463879
2073159
1739281
2653122
1608868
1763538
755894
54
1541063
1182690
2077273
1410800
1284828
1519475
126157
1194422
1764272
1345550
214473
931458
1392041
1169347
2487072
1198456
940265
2213080
1759072
84035
873127
1236944
238674
2126319
299767
1347912
1689867
1428432
1185324
418495
286727
2184563
1157460
85569
1448462
1144477
572010
1358410
1908266
903909
1739324
316273
1296536
361277
1276755
1194151
935855
1169232
1463164
1882768
1524974
345073
180851
2512128
188691
1904962
1985881
550688
1569209
2294114
1053242
1185650
1423496
219574
1218583
1116090
1463839
1112912
76758
2282449
1409484
1392051
235279
526979
83262
1097670
904744
1739336
1289478
1909294
794851
1438805
1487956
78398
1288969
1297865
1095641
1281283
1410763
1418274
1398204
1305832
1218146
2293158
1715042
1157387
1242089
1511210
1785128
353569
1388441
1439213
1388088
1275970
1173798
1943579
525280
1909294
2217828
764291
1908258
991966
984247
1398014
1218152
1629404
1444113
1137262
1215031
85336
2080535
641691
1446627
1069536
1294035
2041044
1354137
991791
585528
1169672
1581132
403833
1890302
2496788
1158534
944559
1927127
634155
1122240
1181744
1412604
1159098
1317117
35835
1336795
1182683
1196095
373994
2512147
1185676
234267
2496706
1448724
903983
1114964
1207542
1423540
1566234
1418261
95485
2499629
148942
755868
500634
1409
999549
1435466
1333863
999141
665941
1074153
1417017
2069355
1400884
2613840
1202712
93222
876478
85569
1049802
2589925
2077273
1418399
1411534
1422711
2135487
1394690
1499973
1612423
2496118
1409595
129985
1158976
1503054
930777
1193044
2527972
1217648
2135746
1905696
2292293
2315729
929813
394958
1648182
1331238
702447
1120937
1265642
1869229
1329250
887294
1720571
1421836
1446694
2204145
2447890
1639689
225845
1758177
1909294
1144329
1007065
1049903
2294116
1248401
2058329
1412636
1411516
1196095
200450
434922
2011094
1886
344880
1398081
1898207
1200349
1870820
1417059
1422100
1323692
31965
702114
743711
67351
1250295
1389488
520450
1038863
2014742
171280
1448643
1288298
2067568
1185650
2496120
1388259
1736258
1400932
1158650
1965631
1403922
537288
1160714
1003201
1185650
1159075
1893
1348657
1410862
1005431
925125
1151407
47312
137733
2529846
1795830
1349756
1169355
1412501
1615674
1433289
1112248
1448627
2496695
707237
2026799
2292284
1358016
1395106
2320858
1345588
1736332
1150615
46256
1715210
992095
1185650
1185650
2487040
1293
573060
2589890
1304874
2022660
593905
1004956
68270
754436
1413393
1120984
1422632
1348584
1909294
473423
1005057
1310659
1123391
1245027
1324323
364032
1331256
93218
196620
46224
1196095
1404768
2083284
435590
2029880
108528
1448516
659016
1185650
1198303
251653
1446538
626522
765087
679192
1402672
1215082
1590596
348824
1428445
89061
2609150
1157010
1409525
1500284
1398039
1055532
1896210
457428
1772288
454168
1151378
473423
748651
1329840
1427181
1692264
385969
152268
1050199
1387330
43667
626937
1396515
2024267
371036
1232460
1158663
2175650
1247725
167549
1029820
2003316
1768743
1352353
2597822
1154773
1653434
1581037
1438758
1001542
445987
39482
913240
151416
272951
1075091
1249660
1121296
1388604
1124920
1227269
1850526
1214187
1110546
1263829
2325572
57706
1427276
2584605
754774
1213458
2014878
260681
862517
1246460
1114263
263819
1144310
1795834
1351816
1409632
1223492
1439210
46127
2070757
1316918
1885572
1882828
555793
1303024
1122228
1529006
1412639
76123
1111728
2292007
1388207
1447490
1462558
1763536
1158606
671231
1452723
1169252
1259216
857114
214092
76762
1796646
343510
1328419
999542
1181766
1638985
1402676
1281036
473426
2258964
1463164
1967630
1157366
525381
1422569
1954
1185650
1873715
985002
1409922
1392489
165302
1628745
1388496
391597
859199
1446768
1296536
1158758
1909294
1116072
1244532
1462526
150123
1792307
1185650
1507807
913068
1459804
1349819
2487928
1294038
1638988
981327
1895631
1159900
1333998
1454619
1378093
1581135
755922
1444049
1463880
488732
1185650
44935
1213727
1650658
1182718
1813019
1217663
2584466
1497681
1185650
1124958
1848693
655817
1176243
1448390
1413433
1167629
1265637
869313
1341679
572418
148942
2570357
662947
436717
1185414
2049045
1967
930778
575595
1768785
2032626
1408906
1409923
217204
665914
528191
1049803
1080067
1154825
1398023
546340
1185650
1909456
53407
1069642
1218072
1448638
1421954
1310885
1463164
2576839
1085544
1448781
1886
1165094
1333855
1485225
1299040
1761753
611302
2070571
945541
1848038
1296536
1427177
664639
2184757
1402135
2099400
1835721
1078846
1163617
85569
1235811
2026089
2290915
1796644
1444167
1069621
345632
1378072
426756
1050219
362837
1400894
1450148
2563917
2109692
136468
28898
1116154
1463822
69964
2512219
1211705
1422225
765100
1503055
1519482
2591079
2419777
2650748
670904
1101189
2510323
1185650
89402
2290917
1715161
1444108
1388574
755890
1310641
1448696
1439136
1182169
1388230
304268
67304
444450
1502726
1393702
326475
1343561
1667327
155197
2604481
72557
1834161
1185650
1400893
1105260
393003
991923
1581114
1909294
1185650
1286632
1412825
488732
2585029
1938663
47853
1078089
857108
1049780
2044270
1421890
871327
1121335
1448430
1188263
114615
1632867
1879010
405566
2303992
1448447
2340
475081
1219077
1345556
1525753
1256197
1119528
2042036
1121889
766148
1223503
1576596
1154783
1422333
251702
1453505
1412844
134601
1265684
266779
1530123
457401
2109918
81460
1448726
1572665
1335419
1185650
39482
1287338
1650
1843581
585502
353569
1160192
1388016
1855371
2502240
1739416
1316936
1124934
985002
2070348
1739308
376427
1094470
393133
1118964
1042377
1444227
1890302
1196416
632858
1244869
1212491
983594
1409725
320497
645663
728005
1138896
1422160
65093
1761766
645462
2184574
1185650
1981704
180197
985002
1448752
1507976
1423431
1403930
1909294
1844108
1405498
1336802
246196
1448588
995060
1523412
702444
2135748
1287313
1284805
54910
57706
1413413
1513890
1238221
2282739
1197874
320771
552398
465516
1198309
2033481
1203627
1185650
1448409
2021405
1138883
1309806
1502770
1564138
1588753
1005419
990068
1603886
2482751
1105029
1411700
765113
1121405
1218584
546365
1940758
223283
376620
645990
157910
359131
2512119
2086576
1715213
1159327
881260
1344987
454164
1520827
1420851
148942
1216962
1194427
1185650
1444294
171693
318683
2030927
2024266
1120956
1909294
2653857
1388705
216595
1121482
2302962
2420301
1958773
177413
889230
1004954
1432052
1410852
1328347
936591
1154800
76335
1121117
1121088
1117647
1286337
137545
1232866
1169258
2589902
2293201
29573
627495
1185650
1352348
1581109
1890302
879212
1263870
1422438
2594453
1388733
979226
260678
1637970
1281211
1244140
1050190
519452
1242968
2448030
2056868
1871350
561275
1296
2054602
1367214
1221270
1896217
1036780
565658
1151255
406984
1296540
1185650
911008
1121441
2026760
1398059
1154831
2579977
1169393
2589816
1449080
1400138
148942
1035184
1390372
1412548
299766
1196095
714359
634155
1185650
1909294
2512125
2042308
794846
2595056
160488
1682741
2014065
1299341
169760
991789
294936
549789
1637844
342002
927701
1116047
2292351
251653
1387326
1339349
1402668
1328387
2511202
184912
652787
2592067
1967
1444075
2596827
1933778
1412766
502682
889206
1293912
1398068
1005528
992106
1267
1116082
1151409
646
759913
1429917
1296536
1981729
1345600
195064
2576422
160434
1157002
419479
2292925
1909294
1666906
1448411
1120948
136468
656435
1394582
310769
2500529
1422140
1422656
1446551
2014781
53417
586733
508461
1225193
2605989
1422421
2559919
1345598
755913
1187846
2056311
2107693
1387997
882085
441164
46127
1435983
1122981
643867
588602
2040293
1761895
1311112
701177
2126983
1410624
1241981
1736352
2529837
698954
658457
2342
2049047
1484116
1398073
2054918
1310677
1172565
1422700
941280
2183923
1365969
2066479
904791
1391497
1412653
238241
1307438
515635
1660067
1131758
1321781
1402670
29495
1448792
426702
1144318
1736592
992181
1157409
70611
179879
1909294
269660
1432559
1572660
1388244
1240759
698970
2292356
1398958
242600
299767
2601703
1427222
1154776
1445552
760758
148942
1915319
1314869
1909294
1412733
1144323
868162
229921
1056496
759362
2169535
1049910
1909294
2305226
2613922
637381
1428620
163877
760803
1448454
1566204
671231
1418320
1306420
2049047
1395586
136468
1056807
53446
299766
2341083
393278
1151422
749512
2293142
2338552
1923970
1805933
1440033
706587
1005440
2079206
1388248
315730
360921
364199
1410833
1136157
1303590
1004151
355278
67344
690850
1446713
1151226
1412727
285458
2599923
1438668
1932669
2497488
1420917
882875
1158490
1448579
987045
2293243
1194156
251653
1422511
2059672
2320088
1954171
1219071
713586
1892811
1280987
1122959
29553
1214242
1042375
1123501
1402524
469610
1355015
2292990
1265311
1736299
1049583
2485184
445974
375175
996824
1238217
1185650
1909294
1961
1236954
2559926
1715180
868191
1339230
2211104
1398953
1909294
754520
650378
1328409
59925
424182
1069495
985762
482234
1337936
1219062
1053245
1581065
1398012
1422011
2528014
2614125
1080223
1293
992087
2135753
1303692
2049045
1310583
1196095
1182679
1855324
1211813
143223
1116180
1890302
1439002
1458279
1331204
1114964
1169240
1187080
1417196
1571877
2305437
1121270
208224
1140114
2562449
53317
2653201
1423545
1655435
1394571
1678028
2175622
1387986
1400898
1045012
1739484
1509483
2048561
1916066
696281
69974
2303982
1608883
1287264
1163741
1123373
2560053
45610
1547515
1796613
44577
1410875
2571270
1577899
2714109
1125649
1764278
1239307
1323691
1944635
33014
2043139
1848729
925126
1296536
1513592
1977864
1285586
351746
1295394
2182797
1121323
28898
2571175
1185650
2135468
2267891
907266
198482
1121334
1240760
2009043
1281172
1223569
1351814
1828179
1898204
1393707
1121388
1151187
251702
2292030
2203213
1500285
2303750
1242087
716544
34095
1409668
1124929
1220565
992053
2528639
1410844
1438708
2015052
2652292
2518648
1909294
1185650
1457187
713551
1436010
295069
150146
1155134
45071
1882752
1154932
224911
903906
1323699
1909294
2135735
1940525
2268447
1351585
50960
1447489
2480810
1158700
1181760
2060938
2011094
1219080
2714738
2306972
1412542
1126897
745021
1219015
2731247
1214193
471875
2137478
1279038
2605619
1944646
634459
1136426
992007
1296536
59919
2576409
85569
1439843
1185650
1201295
1436961
1121451
2512178
1181778
1323745
1909294
251700
1243591
1185650
1720575
1121477
1144333
708126
1729723
85569
985002
658457
69370
85569
85569
1331250
558270
299766
1817495
868155
907239
1408921
1715026
1441733
1151412
1423566
1681197
2213079
593905
85569
634502
929507
1388681
1388130
1423792
1324261
1127743
1416672
1712680
1124962
1310650
2305463
2608034
2219225
1448847
1211777
85569
1006004
1157013
1096930
1310781
1157408
1226753
2184009
1159039
152573
1423778
1239783
1247734
1144311
1755504
1354123
743718
1157455
1329909
1334084
593588
287099
868864
1173584
1188231
1185705
1423768
886293
1201288
866771
1409731
386300
1345575
1296
2502242
1422280
1292020
1413526
1114980
871590
67315
2485107
2259133
1388409
725
1412573
1185650
1422604
1921145
352475
866768
1161202
1354103
2029407
1448705
2292068
502365
2588693
1398950
1041143
2034271
1079468
1448694
1981689
208224
1295010
1412465
661485
1086726
1435068
1438770
1185650
1439008
472694
673266
1328375
1437449
1408945
2485136
914143
1905758
148942
1123277
93221
1739335
1421905
435837
1095659
2250574
2594004
1526743
1151426
1985174
266951
2508708
980254
2293010
875808
33888
118110
476157
926562
2184552
1185650
1423745
2040296
931449
1409630
1515613
1359208
938147
388272
1289387
1125724
1169862
2081970
291179
758829
1218083
504487
904306
1231134
1124972
869216
1358025
189426
1945886
270918
1311015
1965564
1963
1447537
1434255
1816686
2448264
1422115
1158493
1463823
760776
1909294
1071774
856736
1855351
1909294
1739279
1218494
1890302
999547
1412823
1417014
29563
1353888
2292190
1810504
1963032
2109334
1793966
1448723
992162
1185650
235277
1438840
1661040
1871012
1185650
2594500
2023191
1193048
868154
1446614
1438726
1126898
93172
2512157
1114962
186116
1463934
1160711
885274
2676122
1909294
1418403
2571141
1121411
1409696
875330
1078035
1735678
1409622
1000570
595453
1421831
1121107
1123773
1520807
1121126
2023178
999429
1269004
2563101
1970206
1121909
381751
1409473
1388075
1449987
1315179
1169660
1435463
1691980
546160
1185653
1005472
869694
1981713
1315976
1427301
550687
361581
53442
942513
1400798
515350
1005553
2250217
1973005
1412771
2340915
1849383
1448660
1194526
2499835
1294264
1116375
1143190
1410627
1185650
385966
868157
1243032
222805
1422661
2293001
1169312
213810
1409620
991984
1409928
1394686
1411545
1880853
2030927
1435360
390807
526729
1532906
148942
1405296
1155071
233412
1321368
342950
1122921
1333569
1315160
1185650
1662446
675864
1402549
1392086
82805
1540163
2183926
2056888
1345527
1422041
1298867
1886
1192034
2305445
681157
1418267
1438803
1917180
1501432
1448674
579570
1249621
1410638
85569
2670329
1446638
1185650
1028800
1185650
1181758
200450
1501432
136468
326297
1908520
1736228
492476
1926479
189381
360111
2304602
1402607
43304
1191912
1388660
1256993
1310563
1514105
656444
335406
1909294
1141660
638300
1715348
180891
2183992
2485925
936580
1904463
1197719
112903
751
523701
983
279360
1005945
2230885
2605619
2610895
1439066
749533
710393
1311038
279010
1736376
2599619
2516557
1667327
2025014
1448568
985002
687915
2056849
1643452
706570
652103
1898207
1448812
1422657
1126918
1397899
2015345
1220564
1884914
313596
1895636
1675530
1517416
1310865
1736522
2058307
546265
1305836
1965581
1410702
1365249
2071684
1281247
1131553
1956
2030816
299766
2572577
767456
1409443
935707
985002
1581062
93218
2578115
132264
2562313
1422629
1005551
1503054
2026236
1163745
1615674
869677
1409751
1144548
1310756
1736232
2576435
1157464
515489
246194
935223
2480810
1410732
1890302
1945885
882082
265959
1409472
1204340
1328346
983917
1215110
1679166
2135502
1281241
2487425
289377
1290430
1755241
1503054
1703945
1296
1388677
1124480
1310801
2512151
691336
1720083
760882
794846
1609966
56192
1110502
1739451
768724
1393717
1136873
1848754
1398070
1413598
2781243
1408459
1444243
1229516
1422166
1054951
927704
379893
2487520
1673723
1402687
2588536
1895634
1958944
1413508
1377993
2042961
1714848
1444153
436516
1085774
866895
159450
1283279
1151440
1151120
2070227
2596891
1388581
2305895
1409702
992138
1413434
148942
1980117
2496117
1249470
323621
1422591
1439209
1185650
1402615
1423447
1194715
1448434
1517683
1736291
1380772
617123
1074164
1122217
1444207
1031538
1263636
260799
716789
1503055
868186
391953
2546226
1121086
1173263
991926
1116037
1421922
1291308
1243181
857292
1882756
85569
1077936
797516
1763883
1185650
416591
385966
393125
2213161
1236978
1220563
1281169
1184252
1236770
1259234
1160225
579544
1157411
2584606
1403537
630520
1185650
157910
882095
1128912
1448807
690585
2479848
868175
1158601
683082
889232
44060
742736
1796033
1379739
718224
1169280
455434
1444262
1570823
1169198
702455
198107
691338
551989
1432786
2714109
1076443
1898203
1388745
1189613
1410931
1380361
754079
1321366
1422269
1448720
1412551
86185
254161
1311027
2248751
2506423
372781
665792
1417067
883162
1418334
146940
1403877
904732
1447503
1173435
1388631
54006
48003
1548149
1310931
85569
293613
1434831
1339294
863921
1542965
1447527
1331227
1291334
1388160
1422217
1072594
2135755
1182175
1296536
1422663
1388326
1409405
2576421
1507970
752788
1715217
1052681
1507982
1781069
1412601
1761772
2183920
1417980
2654252
285676
1339238
1236523
1555194
889205
1412547
397448
1173458
1867956
232991
1116391
1402601
2153229
1234873
911132
1160227
904770
685782
1503053
1324242
1455696
1890302
114517
760805
2020327
2201171
2219558
1560357
2080549
1739342
1896214
485913
57706
1720294
1423450
1296
1172205
502346
1388610
1323652
1413471
342451
280093
547163
1439321
2594432
1408916
1840217
1898203
1408178
2589929
2003592
1328339
868151
386913
2291323
1367482
2082188
1124984
526989
2183999
1125630
1715080
1328402
2030927
251723
1667024
488732
1909294
1339324
1145178
1388327
877500
1331244
35841
1238422
1185650
342109
2305228
1392038
1409430
911117
2582921
1408444
1219054
2184548
2003370
1054956
54062
1100706
999891
1914243
1155132
1967501
2023189
301102
1676617
2070669
796937
1112214
1638161
2116687
204669
1987356
1185650
1909294
1682204
1415780
1715113
1185691
279238
1158692
2486462
1914861
170540
2024554
1906745
1410836
1855726
1938830
675813
2027405
1715023
1120931
1476
155864
37927
1834125
1839798
548476
2028572
1909294
2585118
1686310
258723
1503055
1417121
1185650
1305843
1447531
1776382
1661044
765070
1736274
1890302
1736477
1766719
1898204
1427254
2486019
2293200
1856685
1680159
1354162
1412683
568816
1500290
1333581
148942
879296
1167635
2490635
1644130
235272
1157435
156586
1436060
1122214
2576423
2045209
50960
2565368
881260
1463881
1335916
1909294
675521
2004997
1903187
992027
1611770
1259844
452
2045451
996862
1422308
1423779
1973493
1087483
1005498
1422358
880633
1622071
1884381
883062
1310920
1903056
2505979
1095730
1249476
1157461
1622177
1400143
1708715
1120924
1395123
1444271
1409737
1284810
2015076
1780
1196417
1327986
515620
1071080
673189
1400175
1403313
931529
83765
212667
1269813
1313290
1566294
2569762
426704
423368
2060066
1081091
748655
279826
887298
1078016
749953
265719
1409633
2585134
1163397
299767
1145133
2482727
2293054
83462
246199
85569
2070620
321846
1422474
935938
1412838
260084
1089553
1344997
2080504
1287226
1655543
281739
1985170
2292270
1577887
1421996
904768
1232192
1944642
1151324
1423453
1463164
2053930
885475
1365959
1265820
1235801
1159043
1122612
1185650
1423569
2608039
589861
411922
1891926
1169196
1879010
992046
1930277
653930
1399419
2485127
2512156
1411574
1422218
2171976
1908260
1299049
1185650
1116218
904749
1185650
169430
1215083
1121865
480391
575591
1221311
1723756
1463828
1521426
2541726
525268
760816
476272
1761747
368603
1292391
1388007
1403053
1400820
437670
1310938
391165
2509459
1455603
1793963
2528018
2022501
1909294
1265481
74348
1349435
993414
1409450
2527775
907491
1813019
1503054
198620
1488406
1227264
1221290
1616117
1903686
1579350
1409381
1440030
1296536
1394692
1284808
572545
1105114
1420583
1720192
1332264
1739380
1715178
2584558
1402649
756698
2292365
57706
2065
1503054
1206723
1310646
883
1410887
1423778
2500530
2508293
2572115
1328383
1120944
935591
1354180
1864822
1403913
282197
1423814
985002
2175647
1909294
1295763
2026193
358220
1050220
1715064
1173462
759412
327939
1324336
1249101
1134811
2292895
1446542
520451
1439006
1182760
2026
140057
1871034
1965560
171291
1388445
2498109
1410614
2316731
1388120
1217666
749503
1154833
401614
1178540
499175
1410808
2292448
1715032
1446588
1295791
1094555
914138
1158607
1105239
1397700
1774969
1215102
85569
526984
299766
155515
1736585
1566173
1238430
85569
371036
1159084
1465260
429004
2292040
1410720
398512
2769420
1196095
1123065
2070760
1185650
2913614
1218110
1679494
1196095
1354144
1145181
1309807
1423720
1185650
1399776
1423430
1249613
1840086
857119
1240350
2135734
1128326
1238442
1388541
1214162
123834
2053287
862969
1535421
632772
209053
1909294
1402566
1190571
167553
565659
702967
2211392
1848685
28119
1408192
2053669
1042209
1447467
1122605
565664
184925
540747
1358423
488533
1224742
869680
2152889
1310601
1402781
1185650
299766
1388378
1409732
2585117
1138934
508536
1185650
222136
1069626
1121004
2575567
172045
1566200
2305909
2249426
1663558
1392030
2162711
553218
983328
351679
885384
2070643
476552
555512
1402860
2419505
664639
525259
1218092
1194395
1880851
1105269
1981099
1314845
1331226
1166337
862967
288426
1463909
1777880
1460435
1684789
1281087
1463856
1380908
1388727
889217
1185650
1915
1439095
1295795
2058325
874454
2163603
502801
132266
1210067
1328343
1079473
1395572
57706
586733
1422582
589035
1629334
1388761
1433129
1983802
1421934
1413504
1354182
2340
1410796
1448780
271096
1761812
1311037
2530375
1335061
715473
79269
2135677
1566264
2419508
1256908
1123288
1965654
1399419
86841
2294119
1121127
1138925
2052590
445975
1438752
1981709
1188237
550773
935293
1458261
1261057
1412456
1242148
405770
1196171
1185650
1123755
430522
1886
1227272
251653
1708715
1331281
1122189
1339345
758832
904766
1185650
665118
1095742
263849
217203
1438776
1231932
2292952
143224
1914307
1382518
1189613
318456
1158704
940231
1354120
1005566
1408430
1238236
452662
1005486
2480810
1413507
1761016
1050190
1844109
1909294
1411582
1661034
1226968
749388
644966
2016505
1169354
1408478
985762
1323693
868129
863227
1917830
1807
2512159
1392088
497738
1329823
284043
1400801
488731
1367479
232721
1158612
757425
716918
1458257
1761882
1423782
1226748
2497456
579509
1215115
904346
1121302
1182678
1408360
1402533
1397927
317664
1884358
673862
1437611
1305784
2293090
1292392
1736269
1855333
1310917
1354109
1412563
2080580
1981683
1158478
73010
1193292
57741
1907313
2053287
56193
1380770
766159
208224
1411595
1123294
1443669
1005485
1539050
1409493
1428411
887068
1422616
1905142
227946
1627893
2292992
1384051
1448136
1871037
1388459
206506
946078
1324288
1298864
1539298
639030
407164
678932
74033
2080511
1402521
1330527
2077093
754260
992003
1181764
1422052
2654982
2060312
1848738
1444037
56192
469553
933267
2219695
571913
1200348
1903627
272624
1295808
2014881
1122974
